-11.2221 -11.2221 -11.2221 -11.2221 -11.2221 -11.2221 -11.2221 -11.2221 -11.2221 -11.2221 -11.2221 -11.2221 -11.2221 -11.2221 -11.2221 
-10.2221 -10.2221 -10.2221 -10.2221 -10.2221 -10.2221 -10.2221 -10.2221 -10.2221 -10.2221 -10.2221 -10.2221 -10.2221 -10.2221 -10.2221 
-9.28199 -9.28199 -9.28199 -9.28199 -9.28199 -9.28199 -9.28199 -9.28199 -9.28199 -9.28199 -9.28199 -9.28199 -9.28199 -9.28199 -9.28199 
-8.40139 -8.40139 -8.40139 -8.40139 -8.40139 -8.40139 -8.40139 -8.40139 -8.40139 -8.40139 -8.40139 -8.40139 -8.40139 -8.40139 -8.40139 
-7.57973 -7.57973 -7.57973 -7.57973 -7.57973 -7.57973 -7.57973 -7.57973 -7.57973 -7.57973 -7.57973 -7.57973 -7.57973 -7.57973 -7.57973 
-6.8161 -6.8161 -6.8161 -6.8161 -6.8161 -6.8161 -6.8161 -6.8161 -6.8161 -6.8161 -6.8161 -6.8161 -6.8161 -6.8161 -6.8161 
-6.10932 -6.10932 -6.10932 -6.10932 -6.10932 -6.10932 -6.10932 -6.10932 -6.10932 -6.10932 -6.10932 -6.10932 -6.10932 -6.10932 -6.10932 
-5.45797 -5.45797 -5.45797 -5.45797 -5.45797 -5.45797 -5.45797 -5.45797 -5.45797 -5.45797 -5.45797 -5.45797 -5.45797 -5.45797 -5.45797 
-4.86038 -4.86038 -4.86038 -4.86038 -4.86038 -4.86038 -4.86038 -4.86038 -4.86038 -4.86038 -4.86038 -4.86038 -4.86038 -4.86038 -4.86038 
-4.3147 -4.3147 -4.3147 -4.3147 -4.3147 -4.3147 -4.3147 -4.3147 -4.3147 -4.3147 -4.3147 -4.3147 -4.3147 -4.3147 -4.3147 
-3.81891 -3.81891 -3.81891 -3.81891 -3.81891 -3.81891 -3.81891 -3.81891 -3.81891 -3.81891 -3.81891 -3.81891 -3.81891 -3.81891 -3.81891 
-3.37086 -3.37086 -3.37086 -3.37087 -3.37087 -3.37087 -3.37087 -3.37087 -3.37087 -3.37087 -3.37087 -3.37087 -3.37086 -3.37086 -3.37086 
-2.96831 -2.96831 -2.96831 -2.96831 -2.96831 -2.96831 -2.96832 -2.96832 -2.96832 -2.96831 -2.96831 -2.96831 -2.96831 -2.96831 -2.96831 
-2.60895 -2.60895 -2.60895 -2.60895 -2.60895 -2.60896 -2.60896 -2.60896 -2.60896 -2.60896 -2.60895 -2.60895 -2.60895 -2.60895 -2.60895 
-2.29046 -2.29046 -2.29046 -2.29046 -2.29046 -2.29046 -2.29047 -2.29047 -2.29047 -2.29046 -2.29046 -2.29046 -2.29046 -2.29046 -2.29046 
-2.01051 -2.01051 -2.01052 -2.01052 -2.01052 -2.01053 -2.01053 -2.01053 -2.01053 -2.01053 -2.01052 -2.01052 -2.01052 -2.01051 -2.01051 
-1.76685 -1.76685 -1.76685 -1.76686 -1.76687 -1.76687 -1.76688 -1.76688 -1.76688 -1.76687 -1.76687 -1.76686 -1.76685 -1.76685 -1.76685 
-1.55727 -1.55727 -1.55728 -1.55728 -1.55729 -1.5573 -1.55731 -1.55731 -1.55731 -1.5573 -1.55729 -1.55728 -1.55728 -1.55727 -1.55727 
-1.37967 -1.37967 -1.37968 -1.3797 -1.37971 -1.37973 -1.37974 -1.37975 -1.37974 -1.37973 -1.37971 -1.3797 -1.37968 -1.37967 -1.37967 
-1.23209 -1.23209 -1.2321 -1.23212 -1.23215 -1.23218 -1.2322 -1.2322 -1.2322 -1.23218 -1.23215 -1.23212 -1.2321 -1.23209 -1.23209 
-1.11268 -1.11268 -1.1127 -1.11274 -1.11278 -1.11282 -1.11285 -1.11286 -1.11285 -1.11282 -1.11278 -1.11274 -1.1127 -1.11268 -1.11268 
-1.01976 -1.01976 -1.0198 -1.01986 -1.01993 -1.02 -1.02005 -1.02006 -1.02005 -1.02 -1.01993 -1.01986 -1.0198 -1.01976 -1.01976 
-0.951833 -0.951833 -0.951888 -0.951985 -0.952103 -0.952213 -0.952291 -0.95232 -0.952291 -0.952213 -0.952103 -0.951985 -0.951888 -0.951833 -0.951833 
-0.907546 -0.907546 -0.907635 -0.907792 -0.907982 -0.908161 -0.908289 -0.908334 -0.908289 -0.908161 -0.907982 -0.907792 -0.907635 -0.907546 -0.907546 
-0.885733 -0.885733 -0.885877 -0.886133 -0.886442 -0.886733 -0.886939 -0.887014 -0.886939 -0.886733 -0.886442 -0.886133 -0.885877 -0.885733 -0.885733 
-0.885396 -0.885396 -0.88563 -0.886046 -0.886548 -0.887022 -0.887359 -0.88748 -0.887359 -0.887022 -0.886548 -0.886046 -0.88563 -0.885396 -0.885396 
-0.905695 -0.905695 -0.906077 -0.906754 -0.907573 -0.908347 -0.908897 -0.909096 -0.908897 -0.908347 -0.907573 -0.906754 -0.906077 -0.905695 -0.905695 
-0.945937 -0.945937 -0.94656 -0.947666 -0.949006 -0.950274 -0.951177 -0.951504 -0.951177 -0.950274 -0.949006 -0.947666 -0.94656 -0.945937 -0.945937 
-1.00555 -1.00555 -1.00657 -1.00838 -1.01058 -1.01266 -1.01415 -1.01469 -1.01415 -1.01266 -1.01058 -1.00838 -1.00657 -1.00555 -1.00555 
-1.08404 -1.08404 -1.0857 -1.08868 -1.0923 -1.09575 -1.09823 -1.09912 -1.09823 -1.09575 -1.0923 -1.08868 -1.0857 -1.08404 -1.08404 
-1.18094 -1.18094 -1.18367 -1.18856 -1.19456 -1.20031 -1.20445 -1.20596 -1.20445 -1.20031 -1.19456 -1.18856 -1.18367 -1.18094 -1.18094 
-1.2957 -1.2957 -1.30018 -1.30825 -1.31823 -1.32788 -1.33489 -1.33746 -1.33489 -1.32788 -1.31823 -1.30825 -1.30018 -1.2957 -1.2957 
-1.42754 -1.42754 -1.43488 -1.4482 -1.46487 -1.48125 -1.49332 -1.49779 -1.49332 -1.48125 -1.46487 -1.4482 -1.43488 -1.42754 -1.42754 
-1.57515 -1.57515 -1.58711 -1.60907 -1.63708 -1.66523 -1.68649 -1.69449 -1.68649 -1.66523 -1.63708 -1.60907 -1.58711 -1.57515 -1.57515 
-1.73621 -1.73621 -1.75552 -1.7916 -1.83886 -1.88808 -1.92669 -1.94174 -1.92669 -1.88808 -1.83886 -1.7916 -1.75552 -1.73621 -1.73621 
-1.9067 -1.9067 -1.9374 -1.99611 -2.07605 -2.16383 -2.23717 -2.2677 -2.23717 -2.16383 -2.07605 -1.99611 -1.9374 -1.9067 -1.9067 
-2.07982 -2.07982 -2.12736 -2.22118 -2.35605 -2.51611 -2.66415 -2.73436 -2.66415 -2.51611 -2.35605 -2.22118 -2.12736 -2.07982 -2.07982 
-2.24476 -2.24476 -2.31537 -2.46057 -2.68502 -2.98271 -3.30547 -3.50048 -3.30547 -2.98271 -2.68502 -2.46057 -2.31537 -2.24476 -2.24476 
-2.3857 -2.3857 -2.48409 -2.69667 -3.05714 -3.61342 -4.37724 -5.06527 -4.37724 -3.61342 -3.05714 -2.69667 -2.48409 -2.3857 -2.3857 
-2.4826 -2.4826 -2.60706 -2.89022 -3.42371 -4.42058 -6.32156 -9.40074 -6.32156 -4.42058 -3.42371 -2.89022 -2.60706 -2.4826 -2.4826 
-2.51587 -2.51587 -2.65244 -2.97368 -3.63128 -5.12092 -9.413 -26.0714 -9.413 -5.12092 -3.63128 -2.97368 -2.65244 -2.51587 -2.51587 
-2.47605 -2.47605 -2.60051 -2.88367 -3.41717 -4.41404 -6.31501 -9.39419 -6.31501 -4.41404 -3.41717 -2.88367 -2.60051 -2.47605 -2.47605 
-2.37226 -2.37226 -2.47065 -2.68323 -3.0437 -3.59998 -4.3638 -5.05182 -4.3638 -3.59998 -3.0437 -2.68323 -2.47065 -2.37226 -2.37226 
-2.22372 -2.22372 -2.29433 -2.43953 -2.66399 -2.96168 -3.28443 -3.47944 -3.28443 -2.96168 -2.66399 -2.43953 -2.29433 -2.22372 -2.22372 
-2.05011 -2.05011 -2.09765 -2.19147 -2.32633 -2.4864 -2.63444 -2.70465 -2.63444 -2.4864 -2.32633 -2.19147 -2.09765 -2.05011 -2.05011 
-1.86682 -1.86682 -1.89752 -1.95623 -2.03617 -2.12395 -2.1973 -2.22782 -2.1973 -2.12395 -2.03617 -1.95623 -1.89752 -1.86682 -1.86682 
-1.68422 -1.68422 -1.70354 -1.73962 -1.78687 -1.83609 -1.87471 -1.88975 -1.87471 -1.83609 -1.78687 -1.73962 -1.70354 -1.68422 -1.68422 
-1.5086 -1.5086 -1.52056 -1.54253 -1.57053 -1.59869 -1.61994 -1.62795 -1.61994 -1.59869 -1.57053 -1.54253 -1.52056 -1.5086 -1.5086 
-1.34341 -1.34341 -1.35075 -1.36407 -1.38074 -1.39711 -1.40919 -1.41366 -1.40919 -1.39711 -1.38074 -1.36407 -1.35075 -1.34341 -1.34341 
-1.19031 -1.19031 -1.19479 -1.20286 -1.21283 -1.22248 -1.2295 -1.23207 -1.2295 -1.22248 -1.21283 -1.20286 -1.19479 -1.19031 -1.19031 
-1.04986 -1.04986 -1.0526 -1.05749 -1.06349 -1.06924 -1.07338 -1.07489 -1.07338 -1.06924 -1.06349 -1.05749 -1.0526 -1.04986 -1.04986 
-0.922038 -0.922038 -0.923705 -0.926679 -0.930303 -0.933755 -0.936228 -0.937125 -0.936228 -0.933755 -0.930303 -0.926679 -0.923705 -0.922038 -0.922038 
-0.806428 -0.806428 -0.807446 -0.809257 -0.811457 -0.813544 -0.815033 -0.815573 -0.815033 -0.813544 -0.811457 -0.809257 -0.807446 -0.806428 -0.806428 
-0.70244 -0.70244 -0.703063 -0.704169 -0.70551 -0.706778 -0.707681 -0.708007 -0.707681 -0.706778 -0.70551 -0.704169 -0.703063 -0.70244 -0.70244 
-0.609378 -0.609378 -0.60976 -0.610437 -0.611256 -0.61203 -0.61258 -0.612779 -0.61258 -0.61203 -0.611256 -0.610437 -0.60976 -0.609378 -0.609378 
-0.526492 -0.526492 -0.526726 -0.527142 -0.527644 -0.528118 -0.528455 -0.528576 -0.528455 -0.528118 -0.527644 -0.527142 -0.526726 -0.526492 -0.526492 
-0.453015 -0.453015 -0.453159 -0.453415 -0.453723 -0.454015 -0.454221 -0.454296 -0.454221 -0.454015 -0.453723 -0.453415 -0.453159 -0.453015 -0.453015 
-0.388181 -0.388181 -0.38827 -0.388427 -0.388617 -0.388796 -0.388923 -0.388969 -0.388923 -0.388796 -0.388617 -0.388427 -0.38827 -0.388181 -0.388181 
-0.331237 -0.331237 -0.331292 -0.331389 -0.331506 -0.331617 -0.331695 -0.331723 -0.331695 -0.331617 -0.331506 -0.331389 -0.331292 -0.331237 -0.331237 
-0.281455 -0.281455 -0.281489 -0.281549 -0.281621 -0.28169 -0.281738 -0.281755 -0.281738 -0.28169 -0.281621 -0.281549 -0.281489 -0.281455 -0.281455 
-0.238137 -0.238137 -0.238158 -0.238195 -0.23824 -0.238282 -0.238312 -0.238323 -0.238312 -0.238282 -0.23824 -0.238195 -0.238158 -0.238137 -0.238137 
-0.20062 -0.20062 -0.200633 -0.200656 -0.200684 -0.20071 -0.200729 -0.200736 -0.200729 -0.20071 -0.200684 -0.200656 -0.200633 -0.20062 -0.20062 
-0.168281 -0.168281 -0.168289 -0.168304 -0.168321 -0.168337 -0.168349 -0.168353 -0.168349 -0.168337 -0.168321 -0.168304 -0.168289 -0.168281 -0.168281 
-0.140538 -0.140538 -0.140543 -0.140552 -0.140562 -0.140572 -0.140579 -0.140582 -0.140579 -0.140572 -0.140562 -0.140552 -0.140543 -0.140538 -0.140538 
-0.11685 -0.11685 -0.116853 -0.116859 -0.116866 -0.116872 -0.116876 -0.116878 -0.116876 -0.116872 -0.116866 -0.116859 -0.116853 -0.11685 -0.11685 
-0.0967233 -0.0967233 -0.0967252 -0.0967286 -0.0967328 -0.0967366 -0.0967394 -0.0967403 -0.0967394 -0.0967366 -0.0967328 -0.0967286 -0.0967252 -0.0967233 -0.0967233 
-0.0797043 -0.0797043 -0.0797054 -0.0797076 -0.0797101 -0.0797125 -0.0797142 -0.0797149 -0.0797142 -0.0797125 -0.0797101 -0.0797076 -0.0797054 -0.0797043 -0.0797043 
-0.0653832 -0.0653832 -0.065384 -0.0653853 -0.0653869 -0.0653884 -0.0653895 -0.0653898 -0.0653895 -0.0653884 -0.0653869 -0.0653853 -0.065384 -0.0653832 -0.0653832 
-0.0533915 -0.0533915 -0.053392 -0.0533928 -0.0533938 -0.0533947 -0.0533953 -0.0533956 -0.0533953 -0.0533947 -0.0533938 -0.0533928 -0.053392 -0.0533915 -0.0533915 
-0.0433995 -0.0433995 -0.0433998 -0.0434003 -0.043401 -0.0434015 -0.0434019 -0.0434021 -0.0434019 -0.0434015 -0.043401 -0.0434003 -0.0433998 -0.0433995 -0.0433995 
-0.035115 -0.035115 -0.0351151 -0.0351155 -0.0351158 -0.0351162 -0.0351164 -0.0351166 -0.0351164 -0.0351162 -0.0351158 -0.0351155 -0.0351151 -0.035115 -0.035115 
-0.0282801 -0.0282801 -0.0282802 -0.0282804 -0.0282807 -0.0282809 -0.0282811 -0.0282811 -0.0282811 -0.0282809 -0.0282807 -0.0282804 -0.0282802 -0.0282801 -0.0282801 
-0.0226694 -0.0226694 -0.0226695 -0.0226696 -0.0226697 -0.0226699 -0.02267 -0.02267 -0.02267 -0.0226699 -0.0226697 -0.0226696 -0.0226695 -0.0226694 -0.0226694 
-0.0180866 -0.0180866 -0.0180867 -0.0180867 -0.0180868 -0.0180869 -0.018087 -0.018087 -0.018087 -0.0180869 -0.0180868 -0.0180867 -0.0180867 -0.0180866 -0.0180866 
-0.0143622 -0.0143622 -0.0143622 -0.0143623 -0.0143623 -0.0143624 -0.0143624 -0.0143625 -0.0143624 -0.0143624 -0.0143623 -0.0143623 -0.0143622 -0.0143622 -0.0143622 
-0.0113507 -0.0113507 -0.0113507 -0.0113507 -0.0113508 -0.0113508 -0.0113508 -0.0113508 -0.0113508 -0.0113508 -0.0113508 -0.0113507 -0.0113507 -0.0113507 -0.0113507 
-0.00892789 -0.00892789 -0.0089279 -0.00892792 -0.00892794 -0.00892797 -0.00892797 -0.00892799 -0.00892797 -0.00892797 -0.00892794 -0.00892792 -0.0089279 -0.00892789 -0.00892789 
-0.00698863 -0.00698863 -0.00698864 -0.00698864 -0.00698866 -0.00698867 -0.00698868 -0.00698868 -0.00698868 -0.00698867 -0.00698866 -0.00698864 -0.00698864 -0.00698863 -0.00698863 
-0.00544429 -0.00544429 -0.0054443 -0.00544431 -0.00544431 -0.00544432 -0.00544432 -0.00544433 -0.00544432 -0.00544432 -0.00544431 -0.00544431 -0.0054443 -0.00544429 -0.00544429 
-0.00422074 -0.00422074 -0.00422074 -0.00422074 -0.00422075 -0.00422075 -0.00422076 -0.00422076 -0.00422076 -0.00422075 -0.00422075 -0.00422074 -0.00422074 -0.00422074 -0.00422074 
-0.0032563 -0.0032563 -0.0032563 -0.0032563 -0.0032563 -0.00325631 -0.00325631 -0.00325631 -0.00325631 -0.00325631 -0.0032563 -0.0032563 -0.0032563 -0.0032563 -0.0032563 
-0.0025 -0.0025 -0.0025 -0.0025 -0.0025 -0.0025 -0.00250001 -0.0025 -0.00250001 -0.0025 -0.0025 -0.0025 -0.0025 -0.0025 -0.0025 
-0.00190997 -0.00190997 -0.00190997 -0.00190997 -0.00190997 -0.00190997 -0.00190997 -0.00190998 -0.00190997 -0.00190997 -0.00190997 -0.00190997 -0.00190997 -0.00190997 -0.00190997 
-0.00145204 -0.00145204 -0.00145204 -0.00145204 -0.00145204 -0.00145204 -0.00145204 -0.00145204 -0.00145204 -0.00145204 -0.00145204 -0.00145204 -0.00145204 -0.00145204 -0.00145204 
-0.00109846 -0.00109846 -0.00109846 -0.00109846 -0.00109846 -0.00109846 -0.00109846 -0.00109846 -0.00109846 -0.00109846 -0.00109846 -0.00109846 -0.00109846 -0.00109846 -0.00109846 
-0.000826875 -0.000826875 -0.000826876 -0.000826875 -0.000826877 -0.000826876 -0.000826877 -0.000826876 -0.000826877 -0.000826876 -0.000826877 -0.000826875 -0.000826876 -0.000826875 -0.000826875 
-0.000619352 -0.000619352 -0.000619352 -0.000619352 -0.000619352 -0.000619353 -0.000619352 -0.000619353 -0.000619352 -0.000619353 -0.000619352 -0.000619352 -0.000619352 -0.000619352 -0.000619352 
-0.000461604 -0.000461604 -0.000461604 -0.000461604 -0.000461604 -0.000461604 -0.000461605 -0.000461604 -0.000461605 -0.000461604 -0.000461604 -0.000461604 -0.000461604 -0.000461604 -0.000461604 
-0.000342318 -0.000342318 -0.000342318 -0.000342318 -0.000342318 -0.000342318 -0.000342318 -0.000342318 -0.000342318 -0.000342318 -0.000342318 -0.000342318 -0.000342318 -0.000342318 -0.000342318 
-0.000252587 -0.000252587 -0.000252587 -0.000252587 -0.000252587 -0.000252587 -0.000252587 -0.000252587 -0.000252587 -0.000252587 -0.000252587 -0.000252587 -0.000252587 -0.000252587 -0.000252587 
-0.000185442 -0.000185442 -0.000185442 -0.000185442 -0.000185442 -0.000185442 -0.000185442 -0.000185442 -0.000185442 -0.000185442 -0.000185442 -0.000185442 -0.000185442 -0.000185442 -0.000185442 
-0.000135461 -0.000135461 -0.000135461 -0.000135461 -0.000135461 -0.000135461 -0.000135461 -0.000135461 -0.000135461 -0.000135461 -0.000135461 -0.000135461 -0.000135461 -0.000135461 -0.000135461 
-9.84521e-05 -9.84521e-05 -9.84521e-05 -9.84522e-05 -9.84521e-05 -9.84523e-05 -9.84521e-05 -9.84523e-05 -9.84521e-05 -9.84523e-05 -9.84521e-05 -9.84522e-05 -9.84521e-05 -9.84521e-05 -9.84521e-05 
-7.11924e-05 -7.11924e-05 -7.11924e-05 -7.11924e-05 -7.11925e-05 -7.11924e-05 -7.11925e-05 -7.11924e-05 -7.11925e-05 -7.11924e-05 -7.11925e-05 -7.11924e-05 -7.11924e-05 -7.11924e-05 -7.11924e-05 
-5.12195e-05 -5.12195e-05 -5.12194e-05 -5.12195e-05 -5.12194e-05 -5.12195e-05 -5.12194e-05 -5.12195e-05 -5.12194e-05 -5.12195e-05 -5.12194e-05 -5.12195e-05 -5.12194e-05 -5.12195e-05 -5.12195e-05 
-3.66626e-05 -3.66626e-05 -3.66627e-05 -3.66626e-05 -3.66627e-05 -3.66626e-05 -3.66627e-05 -3.66626e-05 -3.66627e-05 -3.66626e-05 -3.66627e-05 -3.66626e-05 -3.66627e-05 -3.66626e-05 -3.66626e-05 
-2.61093e-05 -2.61093e-05 -2.61093e-05 -2.61093e-05 -2.61093e-05 -2.61093e-05 -2.61093e-05 -2.61093e-05 -2.61093e-05 -2.61093e-05 -2.61093e-05 -2.61093e-05 -2.61093e-05 -2.61093e-05 -2.61093e-05 
-1.84988e-05 -1.84988e-05 -1.84988e-05 -1.84988e-05 -1.84988e-05 -1.84988e-05 -1.84989e-05 -1.84988e-05 -1.84989e-05 -1.84988e-05 -1.84988e-05 -1.84988e-05 -1.84988e-05 -1.84988e-05 -1.84988e-05 
-1.30397e-05 -1.30397e-05 -1.30397e-05 -1.30397e-05 -1.30396e-05 -1.30397e-05 -1.30396e-05 -1.30397e-05 -1.30396e-05 -1.30397e-05 -1.30396e-05 -1.30397e-05 -1.30397e-05 -1.30397e-05 -1.30397e-05 
-9.14443e-06 -9.14443e-06 -9.14443e-06 -9.14442e-06 -9.14444e-06 -9.14442e-06 -9.14444e-06 -9.14442e-06 -9.14444e-06 -9.14442e-06 -9.14444e-06 -9.14442e-06 -9.14443e-06 -9.14443e-06 -9.14443e-06 
-6.37986e-06 -6.37986e-06 -6.37986e-06 -6.37986e-06 -6.37985e-06 -6.37987e-06 -6.37985e-06 -6.37987e-06 -6.37985e-06 -6.37987e-06 -6.37985e-06 -6.37986e-06 -6.37986e-06 -6.37986e-06 -6.37986e-06 
-4.42818e-06 -4.42818e-06 -4.42818e-06 -4.42818e-06 -4.42818e-06 -4.42817e-06 -4.42819e-06 -4.42817e-06 -4.42819e-06 -4.42817e-06 -4.42818e-06 -4.42818e-06 -4.42818e-06 -4.42818e-06 -4.42818e-06 
-3.0577e-06 -3.0577e-06 -3.0577e-06 -3.0577e-06 -3.0577e-06 -3.0577e-06 -3.0577e-06 -3.0577e-06 -3.0577e-06 -3.0577e-06 -3.0577e-06 -3.0577e-06 -3.0577e-06 -3.0577e-06 -3.0577e-06 
-2.10047e-06 -2.10047e-06 -2.10047e-06 -2.10047e-06 -2.10047e-06 -2.10046e-06 -2.10047e-06 -2.10046e-06 -2.10047e-06 -2.10046e-06 -2.10047e-06 -2.10047e-06 -2.10047e-06 -2.10047e-06 -2.10047e-06 
-1.43544e-06 -1.43544e-06 -1.43544e-06 -1.43544e-06 -1.43544e-06 -1.43544e-06 -1.43544e-06 -1.43544e-06 -1.43544e-06 -1.43544e-06 -1.43544e-06 -1.43544e-06 -1.43544e-06 -1.43544e-06 -1.43544e-06 
-9.75878e-07 -9.75878e-07 -9.75879e-07 -9.75878e-07 -9.7588e-07 -9.75877e-07 -9.7588e-07 -9.75877e-07 -9.7588e-07 -9.75877e-07 -9.7588e-07 -9.75878e-07 -9.75879e-07 -9.75878e-07 -9.75878e-07 
-6.60002e-07 -6.60002e-07 -6.60001e-07 -6.60002e-07 -6.60001e-07 -6.60003e-07 -6.60001e-07 -6.60003e-07 -6.60001e-07 -6.60003e-07 -6.60001e-07 -6.60002e-07 -6.60001e-07 -6.60002e-07 -6.60002e-07 
-4.44043e-07 -4.44043e-07 -4.44043e-07 -4.44042e-07 -4.44043e-07 -4.44042e-07 -4.44044e-07 -4.44042e-07 -4.44044e-07 -4.44042e-07 -4.44043e-07 -4.44042e-07 -4.44043e-07 -4.44043e-07 -4.44043e-07 
-2.97182e-07 -2.97182e-07 -2.97182e-07 -2.97182e-07 -2.97181e-07 -2.97182e-07 -2.97181e-07 -2.97182e-07 -2.97181e-07 -2.97182e-07 -2.97181e-07 -2.97182e-07 -2.97182e-07 -2.97182e-07 -2.97182e-07 
-1.97838e-07 -1.97838e-07 -1.97838e-07 -1.97838e-07 -1.97838e-07 -1.97838e-07 -1.97839e-07 -1.97838e-07 -1.97839e-07 -1.97838e-07 -1.97838e-07 -1.97838e-07 -1.97838e-07 -1.97838e-07 -1.97838e-07 
-1.30986e-07 -1.30986e-07 -1.30986e-07 -1.30986e-07 -1.30986e-07 -1.30986e-07 -1.30986e-07 -1.30986e-07 -1.30986e-07 -1.30986e-07 -1.30986e-07 -1.30986e-07 -1.30986e-07 -1.30986e-07 -1.30986e-07 
-8.62201e-08 -8.62201e-08 -8.62201e-08 -8.622e-08 -8.62202e-08 -8.62199e-08 -8.62202e-08 -8.62199e-08 -8.62202e-08 -8.62199e-08 -8.62202e-08 -8.622e-08 -8.62201e-08 -8.62201e-08 -8.62201e-08 
-5.63729e-08 -5.63729e-08 -5.63728e-08 -5.63729e-08 -5.63728e-08 -5.6373e-08 -5.63728e-08 -5.6373e-08 -5.63728e-08 -5.6373e-08 -5.63728e-08 -5.63729e-08 -5.63728e-08 -5.63729e-08 -5.63729e-08 
-3.6527e-08 -3.6527e-08 -3.65271e-08 -3.6527e-08 -3.65271e-08 -3.6527e-08 -3.65271e-08 -3.6527e-08 -3.65271e-08 -3.6527e-08 -3.65271e-08 -3.6527e-08 -3.65271e-08 -3.6527e-08 -3.6527e-08 
-2.33173e-08 -2.33173e-08 -2.33173e-08 -2.33173e-08 -2.33173e-08 -2.33174e-08 -2.33173e-08 -2.33174e-08 -2.33173e-08 -2.33174e-08 -2.33173e-08 -2.33173e-08 -2.33173e-08 -2.33173e-08 -2.33173e-08 
-1.44353e-08 -1.44353e-08 -1.44353e-08 -1.44353e-08 -1.44353e-08 -1.44353e-08 -1.44353e-08 -1.44353e-08 -1.44353e-08 -1.44353e-08 -1.44353e-08 -1.44353e-08 -1.44353e-08 -1.44353e-08 -1.44353e-08 
-8.27789e-09 -8.27789e-09 -8.27788e-09 -8.2779e-09 -8.27787e-09 -8.27791e-09 -8.27786e-09 -8.27791e-09 -8.27786e-09 -8.27791e-09 -8.27787e-09 -8.2779e-09 -8.27788e-09 -8.27789e-09 -8.27789e-09 
-3.69363e-09 -3.69363e-09 -3.69364e-09 -3.69362e-09 -3.69364e-09 -3.69362e-09 -3.69364e-09 -3.69362e-09 -3.69364e-09 -3.69362e-09 -3.69364e-09 -3.69362e-09 -3.69364e-09 -3.69363e-09 -3.69363e-09 
2.07102e-10 2.07102e-10 2.07106e-10 2.07098e-10 2.0711e-10 2.07095e-10 2.07112e-10 2.07093e-10 2.07112e-10 2.07095e-10 2.0711e-10 2.07098e-10 2.07106e-10 2.07102e-10 2.07102e-10 
4.20501e-09 4.20501e-09 4.20501e-09 4.20501e-09 4.205e-09 4.20501e-09 4.205e-09 4.20501e-09 4.205e-09 4.20501e-09 4.205e-09 4.20501e-09 4.20501e-09 4.20501e-09 4.20501e-09 
9.11047e-09 9.11047e-09 9.11047e-09 9.11047e-09 9.11048e-09 9.11047e-09 9.11048e-09 9.11047e-09 9.11048e-09 9.11047e-09 9.11048e-09 9.11047e-09 9.11047e-09 9.11047e-09 9.11047e-09 
1.59093e-08 1.59093e-08 1.59093e-08 1.59093e-08 1.59093e-08 1.59093e-08 1.59093e-08 1.59093e-08 1.59093e-08 1.59093e-08 1.59093e-08 1.59093e-08 1.59093e-08 1.59093e-08 1.59093e-08 
2.59382e-08 2.59382e-08 2.59382e-08 2.59382e-08 2.59382e-08 2.59382e-08 2.59382e-08 2.59382e-08 2.59382e-08 2.59382e-08 2.59382e-08 2.59382e-08 2.59382e-08 2.59382e-08 2.59382e-08 
4.11169e-08 4.11169e-08 4.11169e-08 4.11169e-08 4.11169e-08 4.11169e-08 4.11169e-08 4.11169e-08 4.11169e-08 4.11169e-08 4.11169e-08 4.11169e-08 4.11169e-08 4.11169e-08 4.11169e-08 
6.42722e-08 6.42722e-08 6.42722e-08 6.42722e-08 6.42722e-08 6.42722e-08 6.42722e-08 6.42722e-08 6.42722e-08 6.42722e-08 6.42722e-08 6.42722e-08 6.42722e-08 6.42722e-08 6.42722e-08 
9.95996e-08 9.95996e-08 9.95996e-08 9.95996e-08 9.95996e-08 9.95996e-08 9.95996e-08 9.95996e-08 9.95996e-08 9.95996e-08 9.95996e-08 9.95996e-08 9.95996e-08 9.95996e-08 9.95996e-08 
1.53329e-07 1.53329e-07 1.53329e-07 1.53329e-07 1.53329e-07 1.53329e-07 1.53329e-07 1.53329e-07 1.53329e-07 1.53329e-07 1.53329e-07 1.53329e-07 1.53329e-07 1.53329e-07 1.53329e-07 
2.34679e-07 2.34679e-07 2.34679e-07 2.34679e-07 2.34679e-07 2.34679e-07 2.34679e-07 2.34679e-07 2.34679e-07 2.34679e-07 2.34679e-07 2.34679e-07 2.34679e-07 2.34679e-07 2.34679e-07 
3.57233e-07 3.57233e-07 3.57233e-07 3.57233e-07 3.57233e-07 3.57233e-07 3.57233e-07 3.57233e-07 3.57233e-07 3.57233e-07 3.57233e-07 3.57233e-07 3.57233e-07 3.57233e-07 3.57233e-07 
5.40896e-07 5.40896e-07 5.40896e-07 5.40896e-07 5.40896e-07 5.40896e-07 5.40896e-07 5.40896e-07 5.40896e-07 5.40896e-07 5.40896e-07 5.40896e-07 5.40896e-07 5.40896e-07 5.40896e-07 
8.14679e-07 8.14679e-07 8.14679e-07 8.14679e-07 8.14679e-07 8.14679e-07 8.14679e-07 8.14679e-07 8.14679e-07 8.14679e-07 8.14679e-07 8.14679e-07 8.14679e-07 8.14679e-07 8.14679e-07 
1.22062e-06 1.22062e-06 1.22062e-06 1.22062e-06 1.22062e-06 1.22062e-06 1.22062e-06 1.22062e-06 1.22062e-06 1.22062e-06 1.22062e-06 1.22062e-06 1.22062e-06 1.22062e-06 1.22062e-06 
1.81929e-06 1.81929e-06 1.81929e-06 1.81929e-06 1.81929e-06 1.81929e-06 1.81929e-06 1.81929e-06 1.81929e-06 1.81929e-06 1.81929e-06 1.81929e-06 1.81929e-06 1.81929e-06 1.81929e-06 
2.69748e-06 2.69748e-06 2.69748e-06 2.69748e-06 2.69748e-06 2.69748e-06 2.69748e-06 2.69748e-06 2.69748e-06 2.69748e-06 2.69748e-06 2.69748e-06 2.69748e-06 2.69748e-06 2.69748e-06 
3.97878e-06 3.97878e-06 3.97878e-06 3.97878e-06 3.97878e-06 3.97878e-06 3.97878e-06 3.97878e-06 3.97878e-06 3.97878e-06 3.97878e-06 3.97878e-06 3.97878e-06 3.97878e-06 3.97878e-06 
5.83825e-06 5.83825e-06 5.83825e-06 5.83825e-06 5.83825e-06 5.83825e-06 5.83825e-06 5.83825e-06 5.83825e-06 5.83825e-06 5.83825e-06 5.83825e-06 5.83825e-06 5.83825e-06 5.83825e-06 
8.52236e-06 8.52236e-06 8.52236e-06 8.52236e-06 8.52236e-06 8.52236e-06 8.52236e-06 8.52236e-06 8.52236e-06 8.52236e-06 8.52236e-06 8.52236e-06 8.52236e-06 8.52236e-06 8.52236e-06 
1.23762e-05 1.23762e-05 1.23762e-05 1.23762e-05 1.23762e-05 1.23762e-05 1.23762e-05 1.23762e-05 1.23762e-05 1.23762e-05 1.23762e-05 1.23762e-05 1.23762e-05 1.23762e-05 1.23762e-05 
1.78799e-05 1.78799e-05 1.78799e-05 1.78799e-05 1.78799e-05 1.78799e-05 1.78799e-05 1.78799e-05 1.78799e-05 1.78799e-05 1.78799e-05 1.78799e-05 1.78799e-05 1.78799e-05 1.78799e-05 
2.5698e-05 2.5698e-05 2.5698e-05 2.5698e-05 2.5698e-05 2.5698e-05 2.5698e-05 2.5698e-05 2.5698e-05 2.5698e-05 2.5698e-05 2.5698e-05 2.5698e-05 2.5698e-05 2.5698e-05 
3.67446e-05 3.67446e-05 3.67446e-05 3.67446e-05 3.67446e-05 3.67446e-05 3.67446e-05 3.67446e-05 3.67446e-05 3.67446e-05 3.67446e-05 3.67446e-05 3.67446e-05 3.67446e-05 3.67446e-05 
5.22702e-05 5.22702e-05 5.22702e-05 5.22702e-05 5.22702e-05 5.22702e-05 5.22702e-05 5.22702e-05 5.22702e-05 5.22702e-05 5.22702e-05 5.22702e-05 5.22702e-05 5.22702e-05 5.22702e-05 
7.39748e-05 7.39748e-05 7.39748e-05 7.39748e-05 7.39748e-05 7.39748e-05 7.39748e-05 7.39748e-05 7.39748e-05 7.39748e-05 7.39748e-05 7.39748e-05 7.39748e-05 7.39748e-05 7.39748e-05 
0.000104157 0.000104157 0.000104157 0.000104157 0.000104157 0.000104157 0.000104157 0.000104157 0.000104157 0.000104157 0.000104157 0.000104157 0.000104157 0.000104157 0.000104157 
0.000145905 0.000145905 0.000145905 0.000145905 0.000145905 0.000145905 0.000145905 0.000145905 0.000145905 0.000145905 0.000145905 0.000145905 0.000145905 0.000145905 0.000145905 
0.000203347 0.000203347 0.000203347 0.000203347 0.000203347 0.000203347 0.000203347 0.000203347 0.000203347 0.000203347 0.000203347 0.000203347 0.000203347 0.000203347 0.000203347 
0.000281964 0.000281964 0.000281964 0.000281964 0.000281964 0.000281964 0.000281964 0.000281964 0.000281964 0.000281964 0.000281964 0.000281964 0.000281964 0.000281964 0.000281964 
0.000388994 0.000388994 0.000388994 0.000388994 0.000388994 0.000388994 0.000388994 0.000388994 0.000388994 0.000388994 0.000388994 0.000388994 0.000388994 0.000388994 0.000388994 
0.00053394 0.00053394 0.00053394 0.00053394 0.00053394 0.00053394 0.00053394 0.00053394 0.00053394 0.00053394 0.00053394 0.00053394 0.00053394 0.00053394 0.00053394 
0.000729202 0.000729202 0.000729202 0.000729202 0.000729202 0.000729202 0.000729202 0.000729202 0.000729202 0.000729202 0.000729202 0.000729202 0.000729202 0.000729202 0.000729202 
0.000990865 0.000990865 0.000990865 0.000990865 0.000990865 0.000990865 0.000990865 0.000990865 0.000990865 0.000990865 0.000990865 0.000990865 0.000990865 0.000990865 0.000990865 
0.00133967 0.00133967 0.00133967 0.00133967 0.00133967 0.00133967 0.00133967 0.00133967 0.00133967 0.00133967 0.00133967 0.00133967 0.00133967 0.00133967 0.00133967 
0.00180221 0.00180221 0.00180221 0.00180221 0.00180221 0.00180221 0.00180221 0.00180221 0.00180221 0.00180221 0.00180221 0.00180221 0.00180221 0.00180221 0.00180221 
0.00241237 0.00241237 0.00241237 0.00241237 0.00241237 0.00241237 0.00241237 0.00241237 0.00241237 0.00241237 0.00241237 0.00241237 0.00241237 0.00241237 0.00241237 
0.00321305 0.00321305 0.00321305 0.00321305 0.00321305 0.00321305 0.00321305 0.00321305 0.00321305 0.00321305 0.00321305 0.00321305 0.00321305 0.00321305 0.00321305 
0.0042583 0.0042583 0.0042583 0.0042583 0.0042583 0.0042583 0.0042583 0.0042583 0.0042583 0.0042583 0.0042583 0.0042583 0.0042583 0.0042583 0.0042583 
0.00561573 0.00561573 0.00561573 0.00561573 0.00561573 0.00561573 0.00561573 0.00561573 0.00561573 0.00561573 0.00561573 0.00561573 0.00561573 0.00561573 0.00561573 
0.00736945 0.00736945 0.00736945 0.00736945 0.00736945 0.00736945 0.00736945 0.00736945 0.00736945 0.00736945 0.00736945 0.00736945 0.00736945 0.00736945 0.00736945 
0.00962344 0.00962344 0.00962344 0.00962344 0.00962344 0.00962344 0.00962344 0.00962344 0.00962344 0.00962344 0.00962344 0.00962344 0.00962344 0.00962344 0.00962344 
0.0125055 0.0125055 0.0125055 0.0125055 0.0125055 0.0125055 0.0125055 0.0125055 0.0125055 0.0125055 0.0125055 0.0125055 0.0125055 0.0125055 0.0125055 
0.0161716 0.0161716 0.0161716 0.0161716 0.0161716 0.0161716 0.0161716 0.0161716 0.0161716 0.0161716 0.0161716 0.0161716 0.0161716 0.0161716 0.0161716 
0.0208112 0.0208112 0.0208112 0.0208112 0.0208112 0.0208112 0.0208112 0.0208112 0.0208112 0.0208112 0.0208112 0.0208112 0.0208112 0.0208112 0.0208112 
0.0266528 0.0266528 0.0266528 0.0266528 0.0266528 0.0266528 0.0266528 0.0266528 0.0266528 0.0266528 0.0266528 0.0266528 0.0266528 0.0266528 0.0266528 
0.0339703 0.0339703 0.0339703 0.0339703 0.0339703 0.0339703 0.0339703 0.0339703 0.0339703 0.0339703 0.0339703 0.0339703 0.0339703 0.0339703 0.0339703 
0.0430898 0.0430898 0.0430898 0.0430898 0.0430898 0.0430898 0.0430898 0.0430898 0.0430898 0.0430898 0.0430898 0.0430898 0.0430898 0.0430898 0.0430898 
0.0543977 0.0543977 0.0543977 0.0543977 0.0543977 0.0543977 0.0543977 0.0543977 0.0543977 0.0543977 0.0543977 0.0543977 0.0543977 0.0543977 0.0543977 
0.0683481 0.0683481 0.0683481 0.0683481 0.0683481 0.0683481 0.0683481 0.0683481 0.0683481 0.0683481 0.0683481 0.0683481 0.0683481 0.0683481 0.0683481 
0.085472 0.085472 0.085472 0.085472 0.085472 0.085472 0.085472 0.085472 0.085472 0.085472 0.085472 0.085472 0.085472 0.085472 0.085472 
0.106386 0.106386 0.106386 0.106386 0.106386 0.106386 0.106386 0.106386 0.106386 0.106386 0.106386 0.106386 0.106386 0.106386 0.106386 
0.131801 0.131801 0.131801 0.131801 0.131801 0.131801 0.131801 0.131801 0.131801 0.131801 0.131801 0.131801 0.131801 0.131801 0.131801 
0.162533 0.162533 0.162533 0.162533 0.162533 0.162533 0.162533 0.162533 0.162533 0.162533 0.162533 0.162533 0.162533 0.162533 0.162533 
0.199508 0.199508 0.199508 0.199508 0.199508 0.199508 0.199508 0.199508 0.199508 0.199508 0.199508 0.199508 0.199508 0.199508 0.199508 
0.243778 0.243778 0.243778 0.243778 0.243778 0.243778 0.243778 0.243778 0.243778 0.243778 0.243778 0.243778 0.243778 0.243778 0.243778 
0.29652 0.29652 0.29652 0.29652 0.29652 0.29652 0.29652 0.29652 0.29652 0.29652 0.29652 0.29652 0.29652 0.29652 0.29652 
0.359048 0.359048 0.359048 0.359048 0.359048 0.359048 0.359048 0.359048 0.359048 0.359048 0.359048 0.359048 0.359048 0.359048 0.359048 
0.43282 0.43282 0.43282 0.43282 0.43282 0.43282 0.43282 0.43282 0.43282 0.43282 0.43282 0.43282 0.43282 0.43282 0.43282 
0.519436 0.519436 0.519436 0.519436 0.519436 0.519436 0.519436 0.519436 0.519436 0.519436 0.519436 0.519436 0.519436 0.519436 0.519436 
0.620644 0.620644 0.620644 0.620644 0.620644 0.620644 0.620644 0.620644 0.620644 0.620644 0.620644 0.620644 0.620644 0.620644 0.620644 
0.738339 0.738339 0.738339 0.738339 0.738339 0.738339 0.738339 0.738339 0.738339 0.738339 0.738339 0.738339 0.738339 0.738339 0.738339 
0.874558 0.874558 0.874558 0.874558 0.874558 0.874558 0.874558 0.874558 0.874558 0.874558 0.874558 0.874558 0.874558 0.874558 0.874558 
1.03147 1.03147 1.03147 1.03147 1.03147 1.03147 1.03147 1.03147 1.03147 1.03147 1.03147 1.03147 1.03147 1.03147 1.03147 
1.21139 1.21139 1.21139 1.21139 1.21139 1.21139 1.21139 1.21139 1.21139 1.21139 1.21139 1.21139 1.21139 1.21139 1.21139 
1.41671 1.41671 1.41671 1.41671 1.41671 1.41671 1.41671 1.41671 1.41671 1.41671 1.41671 1.41671 1.41671 1.41671 1.41671 
1.64997 1.64997 1.64997 1.64997 1.64997 1.64997 1.64997 1.64997 1.64997 1.64997 1.64997 1.64997 1.64997 1.64997 1.64997 
1.91374 1.91374 1.91374 1.91374 1.91374 1.91374 1.91374 1.91374 1.91374 1.91374 1.91374 1.91374 1.91374 1.91374 1.91374 
2.21068 2.21068 2.21068 2.21068 2.21068 2.21068 2.21068 2.21068 2.21068 2.21068 2.21068 2.21068 2.21068 2.21068 2.21068 
2.54347 2.54347 2.54347 2.54347 2.54347 2.54347 2.54347 2.54347 2.54347 2.54347 2.54347 2.54347 2.54347 2.54347 2.54347 
2.91479 2.91479 2.91479 2.91479 2.91479 2.91479 2.91479 2.91479 2.91479 2.91479 2.91479 2.91479 2.91479 2.91479 2.91479 
3.32728 3.32728 3.32728 3.32728 3.32728 3.32728 3.32728 3.32728 3.32728 3.32728 3.32728 3.32728 3.32728 3.32728 3.32728 
3.78355 3.78355 3.78355 3.78355 3.78355 3.78355 3.78355 3.78355 3.78355 3.78355 3.78355 3.78355 3.78355 3.78355 3.78355 
4.28608 4.28608 4.28608 4.28608 4.28608 4.28608 4.28608 4.28608 4.28608 4.28608 4.28608 4.28608 4.28608 4.28608 4.28608 
4.83725 4.83725 4.83725 4.83725 4.83725 4.83725 4.83725 4.83725 4.83725 4.83725 4.83725 4.83725 4.83725 4.83725 4.83725 
5.43926 5.43926 5.43926 5.43926 5.43926 5.43926 5.43926 5.43926 5.43926 5.43926 5.43926 5.43926 5.43926 5.43926 5.43926 
6.09413 6.09413 6.09413 6.09413 6.09413 6.09413 6.09413 6.09413 6.09413 6.09413 6.09413 6.09413 6.09413 6.09413 6.09413 
6.80365 6.80365 6.80365 6.80365 6.80365 6.80365 6.80365 6.80365 6.80365 6.80365 6.80365 6.80365 6.80365 6.80365 6.80365 
7.56935 7.56935 7.56935 7.56935 7.56935 7.56935 7.56935 7.56935 7.56935 7.56935 7.56935 7.56935 7.56935 7.56935 7.56935 
8.39249 8.39249 8.39249 8.39249 8.39249 8.39249 8.39249 8.39249 8.39249 8.39249 8.39249 8.39249 8.39249 8.39249 8.39249 
9.27404 9.27404 9.27404 9.27404 9.27404 9.27404 9.27404 9.27404 9.27404 9.27404 9.27404 9.27404 9.27404 9.27404 9.27404 
10.2147 10.2147 10.2147 10.2147 10.2147 10.2147 10.2147 10.2147 10.2147 10.2147 10.2147 10.2147 10.2147 10.2147 10.2147 
