2 2 1 -2.20762e-12
2 3 1 -5.6487e-12
2 4 1 -8.23572e-12
2 5 1 -8.55068e-12
2 6 1 -7.21761e-12
2 7 1 -4.01165e-12
2 8 1 0
2 9 1 4.01165e-12
2 10 1 7.21761e-12
2 11 1 8.55068e-12
2 12 1 8.23572e-12
2 13 1 5.6487e-12
2 14 1 2.20762e-12
3 2 1 -2.32107e-12
3 3 1 -7.93803e-12
3 4 1 -1.03153e-11
3 5 1 -1.1582e-11
3 6 1 -9.1852e-12
3 7 1 -5.39218e-12
3 8 1 -1.56092e-15
3 9 1 5.39218e-12
3 10 1 9.18754e-12
3 11 1 1.1582e-11
3 12 1 1.03145e-11
3 13 1 7.93803e-12
3 14 1 2.32107e-12
4 2 1 -4.86797e-12
4 3 1 -1.07443e-11
4 4 1 -1.67433e-11
4 5 1 -1.66331e-11
4 6 1 -1.45446e-11
4 7 1 -7.84033e-12
4 8 1 0
4 9 1 7.84033e-12
4 10 1 1.45446e-11
4 11 1 1.66331e-11
4 12 1 1.67424e-11
4 13 1 1.07443e-11
4 14 1 4.86881e-12
5 2 1 -5.60697e-12
5 3 1 -1.97844e-11
5 4 1 -2.5429e-11
5 5 1 -2.87705e-11
5 6 1 -2.26814e-11
5 7 1 -1.33861e-11
5 8 1 0
5 9 1 1.33861e-11
5 10 1 2.26814e-11
5 11 1 2.87696e-11
5 12 1 2.54281e-11
5 13 1 1.97844e-11
5 14 1 5.60697e-12
6 2 1 -1.30921e-11
6 3 1 -3.01603e-11
6 4 1 -4.60803e-11
6 5 1 -4.63729e-11
6 6 1 -4.01292e-11
6 7 1 -2.18277e-11
6 8 1 0
6 9 1 2.18277e-11
6 10 1 4.01292e-11
6 11 1 4.63729e-11
6 12 1 4.60793e-11
6 13 1 3.01603e-11
6 14 1 1.30931e-11
7 2 1 -1.74536e-11
7 3 1 -5.68343e-11
7 4 1 -7.52167e-11
7 5 1 -8.33908e-11
7 6 1 -6.68009e-11
7 7 1 -3.88749e-11
7 8 1 0
7 9 1 3.88749e-11
7 10 1 6.68009e-11
7 11 1 8.33897e-11
7 12 1 7.52163e-11
7 13 1 5.68353e-11
7 14 1 1.7454e-11
8 2 1 -3.74383e-11
8 3 1 -9.22746e-11
8 4 1 -1.36771e-10
8 5 1 -1.40429e-10
8 6 1 -1.19575e-10
8 7 1 -6.59605e-11
8 8 1 5.67641e-16
8 9 1 6.59605e-11
8 10 1 1.19575e-10
8 11 1 1.40429e-10
8 12 1 1.36771e-10
8 13 1 9.22746e-11
8 14 1 3.74383e-11
9 2 1 -5.60418e-11
9 3 1 -1.70584e-10
9 4 1 -2.31639e-10
9 5 1 -2.52311e-10
9 6 1 -2.04964e-10
9 7 1 -1.17821e-10
9 8 1 0
9 9 1 1.17821e-10
9 10 1 2.04964e-10
9 11 1 2.52311e-10
9 12 1 2.31639e-10
9 13 1 1.70584e-10
9 14 1 5.60418e-11
10 2 1 -1.11349e-10
10 3 1 -2.88319e-10
10 4 1 -4.18282e-10
10 5 1 -4.35661e-10
10 6 1 -3.66742e-10
10 7 1 -2.04339e-10
10 8 1 0
10 9 1 2.04339e-10
10 10 1 3.66742e-10
10 11 1 4.35661e-10
10 12 1 4.18282e-10
10 13 1 2.88319e-10
10 14 1 1.11348e-10
11 2 1 -1.8014e-10
11 3 1 -5.2571e-10
11 4 1 -7.25832e-10
11 5 1 -7.81695e-10
11 6 1 -6.40739e-10
11 7 1 -3.65429e-10
11 8 1 0
11 9 1 3.65429e-10
11 10 1 6.40739e-10
11 11 1 7.81695e-10
11 12 1 7.25832e-10
11 13 1 5.2571e-10
11 14 1 1.8014e-10
12 2 1 -3.42109e-10
12 3 1 -9.13223e-10
12 4 1 -1.30785e-09
12 5 1 -1.37407e-09
12 6 1 -1.14871e-09
12 7 1 -6.43924e-10
12 8 1 0
12 9 1 6.43924e-10
12 10 1 1.14871e-09
12 11 1 1.37407e-09
12 12 1 1.30785e-09
12 13 1 9.13223e-10
12 14 1 3.42109e-10
13 2 1 -5.81718e-10
13 3 1 -1.65718e-09
13 4 1 -2.31035e-09
13 5 1 -2.47181e-09
13 6 1 -2.03675e-09
13 7 1 -1.15628e-09
13 8 1 0
13 9 1 1.15628e-09
13 10 1 2.03675e-09
13 11 1 2.4718e-09
13 12 1 2.31035e-09
13 13 1 1.65718e-09
13 14 1 5.81718e-10
14 2 1 -1.08086e-09
14 3 1 -2.93611e-09
14 4 1 -4.17422e-09
14 5 1 -4.40725e-09
14 6 1 -3.66999e-09
14 7 1 -2.06436e-09
14 8 1 0
14 9 1 2.06436e-09
14 10 1 3.66999e-09
14 11 1 4.40725e-09
14 12 1 4.17422e-09
14 13 1 2.93611e-09
14 14 1 1.08086e-09
15 2 1 -1.89827e-09
15 3 1 -5.33642e-09
15 4 1 -7.48013e-09
15 5 1 -7.97366e-09
15 6 1 -6.58945e-09
15 7 1 -3.73136e-09
15 8 1 0
15 9 1 3.73136e-09
15 10 1 6.58945e-09
15 11 1 7.97366e-09
15 12 1 7.48013e-09
15 13 1 5.33642e-09
15 14 1 1.89827e-09
16 2 1 -3.50081e-09
16 3 1 -9.60146e-09
16 4 1 -1.35961e-08
16 5 1 -1.4394e-08
16 6 1 -1.19605e-08
16 7 1 -6.74051e-09
16 8 1 0
16 9 1 6.74051e-09
16 10 1 1.19605e-08
16 11 1 1.4394e-08
16 12 1 1.35961e-08
16 13 1 9.60146e-09
16 14 1 3.50081e-09
17 2 1 -6.28687e-09
17 3 1 -1.75488e-08
17 4 1 -2.46705e-08
17 5 1 -2.6247e-08
17 6 1 -2.17249e-08
17 7 1 -1.22854e-08
17 8 1 0
17 9 1 1.22854e-08
17 10 1 2.17249e-08
17 11 1 2.6247e-08
17 12 1 2.46705e-08
17 13 1 1.75488e-08
17 14 1 6.28687e-09
18 2 1 -1.16057e-08
18 3 1 -3.19933e-08
18 4 1 -4.52094e-08
18 5 1 -4.79325e-08
18 6 1 -3.97849e-08
18 7 1 -2.2444e-08
18 8 1 0
18 9 1 2.2444e-08
18 10 1 3.97849e-08
18 11 1 4.79325e-08
18 12 1 4.52094e-08
18 13 1 3.19933e-08
18 14 1 1.16057e-08
19 2 1 -2.11972e-08
19 3 1 -5.8952e-08
19 4 1 -8.30047e-08
19 5 1 -8.82227e-08
19 6 1 -7.30855e-08
19 7 1 -4.13015e-08
19 8 1 0
19 9 1 4.13015e-08
19 10 1 7.30855e-08
19 11 1 8.82227e-08
19 12 1 8.30047e-08
19 13 1 5.8952e-08
19 14 1 2.11972e-08
20 2 1 -3.9363e-08
20 3 1 -1.08801e-07
20 4 1 -1.53589e-07
20 5 1 -1.62972e-07
20 6 1 -1.352e-07
20 7 1 -7.63137e-08
20 8 1 0
20 9 1 7.63137e-08
20 10 1 1.352e-07
20 11 1 1.62972e-07
20 12 1 1.53589e-07
20 13 1 1.08801e-07
20 14 1 3.9363e-08
21 2 1 -7.29325e-08
21 3 1 -2.02465e-07
21 4 1 -2.85319e-07
21 5 1 -3.03134e-07
21 6 1 -2.51254e-07
21 7 1 -1.41946e-07
21 8 1 6.18797e-16
21 9 1 1.41946e-07
21 10 1 2.51254e-07
21 11 1 3.03134e-07
21 12 1 2.85319e-07
21 13 1 2.02465e-07
21 14 1 7.29325e-08
22 2 1 -1.36653e-07
22 3 1 -3.78248e-07
22 4 1 -5.33738e-07
22 5 1 -5.66652e-07
22 6 1 -4.70031e-07
22 7 1 -2.65409e-07
22 8 1 0
22 9 1 2.65409e-07
22 10 1 4.70031e-07
22 11 1 5.66652e-07
22 12 1 5.33738e-07
22 13 1 3.78248e-07
22 14 1 1.36653e-07
23 2 1 -2.56616e-07
23 3 1 -7.11808e-07
23 4 1 -1.00371e-06
23 5 1 -1.06638e-06
23 6 1 -8.84297e-07
23 7 1 -4.99583e-07
23 8 1 4.15919e-16
23 9 1 4.99583e-07
23 10 1 8.84297e-07
23 11 1 1.06638e-06
23 12 1 1.00371e-06
23 13 1 7.11808e-07
23 14 1 2.56616e-07
24 2 1 -4.86126e-07
24 3 1 -1.34671e-06
24 4 1 -1.90047e-06
24 5 1 -2.01889e-06
24 6 1 -1.67509e-06
24 7 1 -9.46252e-07
24 8 1 0
24 9 1 9.46252e-07
24 10 1 1.67509e-06
24 11 1 2.01889e-06
24 12 1 1.90047e-06
24 13 1 1.34671e-06
24 14 1 4.86126e-07
25 2 1 -9.25229e-07
25 3 1 -2.56605e-06
25 4 1 -3.621e-06
25 5 1 -3.84919e-06
25 6 1 -3.19425e-06
25 7 1 -1.80525e-06
25 8 1 0
25 9 1 1.80525e-06
25 10 1 3.19425e-06
25 11 1 3.84919e-06
25 12 1 3.621e-06
25 13 1 2.56605e-06
25 14 1 9.25229e-07
26 2 1 -1.77481e-06
26 3 1 -4.92061e-06
26 4 1 -6.94895e-06
26 5 1 -7.39019e-06
26 6 1 -6.13726e-06
26 7 1 -3.46956e-06
26 8 1 0
26 9 1 3.46956e-06
26 10 1 6.13726e-06
26 11 1 7.39019e-06
26 12 1 6.94895e-06
26 13 1 4.92061e-06
26 14 1 1.77481e-06
27 2 1 -3.42532e-06
27 3 1 -9.50479e-06
27 4 1 -1.34311e-05
27 5 1 -1.42995e-05
27 6 1 -1.18852e-05
27 7 1 -6.72407e-06
27 8 1 0
27 9 1 6.72407e-06
27 10 1 1.18852e-05
27 11 1 1.42995e-05
27 12 1 1.34311e-05
27 13 1 9.50479e-06
27 14 1 3.42532e-06
28 2 1 -6.66083e-06
28 3 1 -1.84903e-05
28 4 1 -2.61634e-05
28 5 1 -2.78951e-05
28 6 1 -2.32204e-05
28 7 1 -1.31502e-05
28 8 1 0
28 9 1 1.31502e-05
28 10 1 2.32204e-05
28 11 1 2.78951e-05
28 12 1 2.61634e-05
28 13 1 1.84903e-05
28 14 1 6.66083e-06
29 2 1 -1.30401e-05
29 3 1 -3.62437e-05
29 4 1 -5.13771e-05
29 5 1 -5.49086e-05
29 6 1 -4.58095e-05
29 7 1 -2.59871e-05
29 8 1 0
29 9 1 2.59871e-05
29 10 1 4.58095e-05
29 11 1 5.49086e-05
29 12 1 5.13771e-05
29 13 1 3.62437e-05
29 14 1 1.30401e-05
30 2 1 -2.57132e-05
30 3 1 -7.15721e-05
30 4 1 -0.000101756
30 5 1 -0.000109141
30 6 1 -9.13836e-05
30 7 1 -5.19768e-05
30 8 1 0
30 9 1 5.19768e-05
30 10 1 9.13836e-05
30 11 1 0.000109141
30 12 1 0.000101756
30 13 1 7.15721e-05
30 14 1 2.57132e-05
31 2 1 -5.10266e-05
31 3 1 -0.000142385
31 4 1 -0.000203319
31 5 1 -0.000219306
31 6 1 -0.000184655
31 7 1 -0.000105475
31 8 1 0
31 9 1 0.000105475
31 10 1 0.000184655
31 11 1 0.000219306
31 12 1 0.000203319
31 13 1 0.000142385
31 14 1 5.10266e-05
32 2 1 -0.000101838
32 3 1 -0.000285183
32 4 1 -0.000409968
32 5 1 -0.000446028
32 6 1 -0.000378896
32 7 1 -0.000217913
32 8 1 0
32 9 1 0.000217913
32 10 1 0.000378896
32 11 1 0.000446028
32 12 1 0.000409968
32 13 1 0.000285183
32 14 1 0.000101838
33 2 1 -0.000204034
33 3 1 -0.000574466
33 4 1 -0.000834154
33 5 1 -0.00091964
33 6 1 -0.000792239
33 7 1 -0.000460797
33 8 1 0
33 9 1 0.000460797
33 10 1 0.000792239
33 11 1 0.00091964
33 12 1 0.000834154
33 13 1 0.000574466
33 14 1 0.000204034
34 2 1 -0.000409278
34 3 0.999999 -0.00116141
34 4 0.999999 -0.00171186
34 5 0.999998 -0.0019259
34 6 0.999999 -0.00169644
34 7 0.999999 -0.00100551
34 8 1 0
34 9 0.999999 0.00100551
34 10 0.999999 0.00169644
34 11 0.999998 0.0019259
34 12 0.999999 0.00171186
34 13 0.999999 0.00116141
34 14 1 0.000409278
35 2 1 -0.000818253
35 3 0.999997 -0.0023485
35 4 0.999994 -0.00353854
35 5 0.999992 -0.00410541
35 6 0.999993 -0.00374714
35 7 0.999997 -0.00229424
35 8 1 0
35 9 0.999997 0.00229424
35 10 0.999993 0.00374714
35 11 0.999992 0.00410541
35 12 0.999994 0.00353854
35 13 0.999997 0.0023485
35 14 1 0.000818253
36 2 0.999999 -0.00161923
36 3 0.999989 -0.00472257
36 4 0.999973 -0.00734569
36 5 0.99996 -0.00892706
36 6 0.999963 -0.00862675
36 7 0.999984 -0.00559434
36 8 1 0
36 9 0.999984 0.00559434
36 10 0.999963 0.00862675
36 11 0.99996 0.00892706
36 12 0.999973 0.00734569
36 13 0.999989 0.00472257
36 14 0.999999 0.00161923
37 2 0.999995 -0.0031377
37 3 0.999956 -0.00935526
37 4 0.999884 -0.0152209
37 5 0.999804 -0.0198187
37 6 0.999779 -0.0210002
37 7 0.999885 -0.0151346
37 8 1 0
37 9 0.999885 0.0151346
37 10 0.999779 0.0210002
37 11 0.999804 0.0198187
37 12 0.999884 0.0152209
37 13 0.999956 0.00935526
37 14 0.999995 0.0031377
38 2 0.999983 -0.00585702
38 3 0.999838 -0.0179743
38 4 0.999517 -0.0310859
38 5 0.998999 -0.0447366
38 6 0.998486 -0.0550003
38 7 0.99882 -0.0485685
38 8 1 0
38 9 0.99882 0.0485685
38 10 0.998486 0.0550003
38 11 0.998999 0.0447366
38 12 0.999517 0.0310859
38 13 0.999838 0.0179743
38 14 0.999983 0.00585702
39 2 0.999947 -0.0102734
39 3 0.999467 -0.0326371
39 4 0.998141 -0.0609458
39 5 0.994937 -0.100496
39 6 0.98781 -0.155666
39 7 0.97795 -0.208839
39 8 1 0
39 9 0.97795 0.208839
39 10 0.98781 0.155666
39 11 0.994937 0.100496
39 12 0.998141 0.0609458
39 13 0.999467 0.0326371
39 14 0.999947 0.0102734
40 2 0.999867 -0.0163263
40 3 0.998559 -0.053669
40 4 0.994086 -0.108597
40 5 0.978022 -0.208503
40 6 0.907102 -0.420912
40 7 0.478905 -0.877867
40 8 -1 0
40 9 0.478905 0.877867
40 10 0.907102 0.420912
40 11 0.978022 0.208503
40 12 0.994086 0.108597
40 13 0.998559 0.053669
40 14 0.999867 0.0163263
41 2 0.999749 -0.0223892
41 3 0.997194 -0.0748606
41 4 0.987362 -0.15848
41 5 0.943238 -0.332116
41 6 0.725694 -0.688017
41 7 0.279482 -0.960151
41 8 1 4.55134e-16
41 9 0.279482 0.960151
41 10 0.725694 0.688017
41 11 0.943238 0.332116
41 12 0.987362 0.15848
41 13 0.997194 0.0748606
41 14 0.999749 0.0223892
42 2 0.999678 -0.0253648
42 3 0.996618 -0.0821777
42 4 0.987186 -0.159573
42 5 0.961429 -0.275052
42 6 0.908062 -0.418837
42 7 0.891695 -0.452636
42 8 1 1.07657e-16
42 9 0.891695 0.452636
42 10 0.908062 0.418837
42 11 0.961429 0.275052
42 12 0.987186 0.159573
42 13 0.996618 0.0821777
42 14 0.999678 0.0253648
43 2 0.999691 -0.0248714
43 3 0.997005 -0.0773419
43 4 0.990586 -0.136895
43 5 0.979483 -0.201527
43 6 0.968739 -0.248082
43 7 0.977533 -0.210783
43 8 1 0
43 9 0.977533 0.210783
43 10 0.968739 0.248082
43 11 0.979483 0.201527
43 12 0.990586 0.136895
43 13 0.997005 0.0773419
43 14 0.999691 0.0248714
44 2 0.999754 -0.0221575
44 3 0.997785 -0.0665256
44 4 0.993987 -0.109501
44 5 0.989537 -0.144282
44 6 0.98805 -0.154132
44 7 0.993706 -0.112018
44 8 1 0
44 9 0.993706 0.112018
44 10 0.98805 0.154132
44 11 0.989537 0.144282
44 12 0.993987 0.109501
44 13 0.997785 0.0665256
44 14 0.999754 0.0221575
45 2 0.999828 -0.018564
45 3 0.998525 -0.054288
45 4 0.996397 -0.0848175
45 5 0.994617 -0.103617
45 6 0.994906 -0.100804
45 7 0.997807 -0.0661853
45 8 1 0
45 9 0.997807 0.0661853
45 10 0.994906 0.100804
45 11 0.994617 0.103617
45 12 0.996397 0.0848175
45 13 0.998525 0.054288
45 14 0.999828 0.018564
46 2 0.999888 -0.0149611
46 3 0.999077 -0.0429444
46 4 0.997903 -0.0647201
46 5 0.997172 -0.0751521
46 6 0.99763 -0.0688012
46 7 0.999099 -0.0424324
46 8 1 0
46 9 0.999099 0.0424324
46 10 0.99763 0.0688012
46 11 0.997172 0.0751521
46 12 0.997903 0.0647201
46 13 0.999077 0.0429444
46 14 0.999888 0.0149611
47 2 0.999931 -0.011767
47 3 0.999444 -0.033349
47 4 0.998796 -0.0490516
47 5 0.998482 -0.0550807
47 6 0.998823 -0.0485097
47 7 0.999584 -0.0288268
47 8 1 0
47 9 0.999584 0.0288268
47 10 0.998823 0.0485097
47 11 0.998482 0.0550807
47 12 0.998796 0.0490516
47 13 0.999444 0.033349
47 14 0.999931 0.011767
48 2 0.999958 -0.00911479
48 3 0.999672 -0.0256133
48 4 0.999313 -0.0370724
48 5 0.99917 -0.0407331
48 6 0.999387 -0.0350126
48 7 0.999793 -0.020359
48 8 1 0
48 9 0.999793 0.020359
48 10 0.999387 0.0350126
48 11 0.99917 0.0407331
48 12 0.999313 0.0370724
48 13 0.999672 0.0256133
48 14 0.999958 0.00911479
49 2 0.999976 -0.00699233
49 3 0.999809 -0.0195405
49 4 0.999608 -0.0279892
49 5 0.99954 -0.0303295
49 6 0.99967 -0.0256813
49 7 0.999891 -0.014745
49 8 1 0
49 9 0.999891 0.014745
49 10 0.99967 0.0256813
49 11 0.99954 0.0303295
49 12 0.999608 0.0279892
49 13 0.999809 0.0195405
49 14 0.999976 0.00699233
50 2 0.999986 -0.00533053
50 3 0.99989 -0.0148432
50 4 0.999777 -0.0211209
50 5 0.999743 -0.0226889
50 6 0.999819 -0.0190368
50 7 0.999941 -0.0108495
50 8 1 0
50 9 0.999941 0.0108495
50 10 0.999819 0.0190368
50 11 0.999743 0.0226889
50 12 0.999777 0.0211209
50 13 0.99989 0.0148432
50 14 0.999986 0.00533053
51 2 0.999992 -0.00404532
51 3 0.999937 -0.0112401
51 4 0.999873 -0.0159281
51 5 0.999855 -0.0170201
51 6 0.999899 -0.0142023
51 7 0.999968 -0.00805964
51 8 1 0
51 9 0.999968 0.00805964
51 10 0.999899 0.0142023
51 11 0.999855 0.0170201
51 12 0.999873 0.0159281
51 13 0.999937 0.0112401
51 14 0.999992 0.00404532
52 2 0.999995 -0.00305952
52 3 0.999964 -0.00848889
52 4 0.999928 -0.0120002
52 5 0.999918 -0.012782
52 6 0.999943 -0.0106317
52 7 0.999982 -0.00601838
52 8 1 0
52 9 0.999982 0.00601838
52 10 0.999943 0.0106317
52 11 0.999918 0.012782
52 12 0.999928 0.0120002
52 13 0.999964 0.00848889
52 14 0.999995 0.00305952
53 2 0.999997 -0.00230644
53 3 0.99998 -0.0063952
53 4 0.999959 -0.00902695
53 5 0.999954 -0.00959777
53 6 0.999968 -0.00796821
53 7 0.99999 -0.0045045
53 8 1 3.84704e-16
53 9 0.99999 0.0045045
53 10 0.999968 0.00796821
53 11 0.999954 0.00959777
53 12 0.999959 0.00902695
53 13 0.99998 0.0063952
53 14 0.999997 0.00230644
54 2 0.999998 -0.00173402
54 3 0.999988 -0.00480502
54 4 0.999977 -0.00677748
54 5 0.999974 -0.00719841
54 6 0.999982 -0.00597041
54 7 0.999994 -0.00337248
54 8 1 0
54 9 0.999994 0.00337248
54 10 0.999982 0.00597041
54 11 0.999974 0.00719841
54 12 0.999977 0.00677748
54 13 0.999988 0.00480502
54 14 0.999998 0.00173402
55 2 0.999999 -0.00129949
55 3 0.999994 -0.00360112
55 4 0.999987 -0.00507672
55 5 0.999985 -0.0053896
55 6 0.99999 -0.0044676
55 7 0.999997 -0.00252275
55 8 1 0
55 9 0.999997 0.00252275
55 10 0.99999 0.0044676
55 11 0.999985 0.0053896
55 12 0.999987 0.00507672
55 13 0.999994 0.00360112
55 14 0.999999 0.00129949
56 2 1 -0.000971687
56 3 0.999996 -0.00269132
56 4 0.999993 -0.00379407
56 5 0.999992 -0.00402643
56 6 0.999994 -0.00333716
56 7 0.999998 -0.00188392
56 8 1 0
56 9 0.999998 0.00188392
56 10 0.999994 0.00333716
56 11 0.999992 0.00402643
56 12 0.999993 0.00379407
56 13 0.999996 0.00269132
56 14 1 0.000971687
57 2 1 -0.000724168
57 3 0.999998 -0.00200695
57 4 0.999996 -0.00282837
57 5 0.999995 -0.00300191
57 6 0.999997 -0.00248747
57 7 0.999999 -0.00140433
57 8 1 0
57 9 0.999999 0.00140433
57 10 0.999997 0.00248747
57 11 0.999995 0.00300191
57 12 0.999996 0.00282837
57 13 0.999998 0.00200695
57 14 1 0.000724168
58 2 1 -0.000539143
58 3 0.999999 -0.00149277
58 4 0.999998 -0.00210457
58 5 0.999998 -0.00223312
58 6 0.999998 -0.00185081
58 7 0.999999 -0.00104471
58 8 1 0
58 9 0.999999 0.00104471
58 10 0.999998 0.00185081
58 11 0.999998 0.00223312
58 12 0.999998 0.00210457
58 13 0.999999 0.00149277
58 14 1 0.000539143
59 2 1 -0.000399984
59 3 0.999999 -0.00110904
59 4 0.999999 -0.00156273
59 5 0.999999 -0.00165889
59 6 0.999999 -0.00137452
59 7 1 -0.00077609
59 8 1 0
59 9 1 0.00077609
59 10 0.999999 0.00137452
59 11 0.999999 0.00165889
59 12 0.999999 0.00156273
59 13 0.999999 0.00110904
59 14 1 0.000399984
60 2 1 -0.000297137
60 3 1 -0.000822215
60 4 0.999999 -0.0011596
60 5 0.999999 -0.00123033
60 6 0.999999 -0.00101994
60 7 1 -0.000575676
60 8 1 0
60 9 1 0.000575676
60 10 0.999999 0.00101994
60 11 0.999999 0.00123033
60 12 0.999999 0.0011596
60 13 1 0.000822215
60 14 1 0.000297137
61 2 1 -0.000219765
61 3 1 -0.000609946
61 4 1 -0.000859218
61 5 1 -0.000912434
61 6 1 -0.000755942
61 7 1 -0.000426935
61 8 1 0
61 9 1 0.000426935
61 10 1 0.000755942
61 11 1 0.000912434
61 12 1 0.000859218
61 13 1 0.000609946
61 14 1 0.000219765
62 2 1 -0.000163418
62 3 1 -0.000451622
62 4 1 -0.000637347
62 5 1 -0.000676047
62 6 1 -0.00056066
62 7 1 -0.000316392
62 8 1 0
62 9 1 0.000316392
62 10 1 0.00056066
62 11 1 0.000676047
62 12 1 0.000637347
62 13 1 0.000451622
62 14 1 0.000163418
63 2 1 -0.000120639
63 3 1 -0.000335473
63 4 1 -0.000472245
63 5 1 -0.000501806
63 6 1 -0.000415606
63 7 1 -0.000234824
63 8 1 3.25638e-16
63 9 1 0.000234824
63 10 1 0.000415606
63 11 1 0.000501806
63 12 1 0.000472245
63 13 1 0.000335473
63 14 1 0.000120639
64 2 1 -9.01643e-05
64 3 1 -0.000248533
64 4 1 -0.000351145
64 5 1 -0.000372225
64 6 1 -0.000308898
64 7 1 -0.000174238
64 8 1 3.8994e-16
64 9 1 0.000174238
64 10 1 0.000308898
64 11 1 0.000372225
64 12 1 0.000351145
64 13 1 0.000248533
64 14 1 9.01643e-05
65 2 1 -6.64367e-05
65 3 1 -0.000185437
65 4 1 -0.000260659
65 5 1 -0.000277277
65 6 1 -0.000229474
65 7 1 -0.000129755
65 8 1 0
65 9 1 0.000129755
65 10 1 0.000229474
65 11 1 0.000277277
65 12 1 0.000260659
65 13 1 0.000185437
65 14 1 6.64367e-05
66 2 1 -5.01765e-05
66 3 1 -0.000137607
66 4 1 -0.000194841
66 5 1 -0.000206253
66 6 1 -0.000171368
66 7 1 -9.6569e-05
66 8 1 0
66 9 1 9.6569e-05
66 10 1 0.000171368
66 11 1 0.000206253
66 12 1 0.000194841
66 13 1 0.000137607
66 14 1 5.01765e-05
67 2 1 -3.68136e-05
67 3 1 -0.00010349
67 4 1 -0.000145052
67 5 1 -0.000154612
67 6 1 -0.000127761
67 7 1 -7.23428e-05
67 8 1 6.75346e-16
67 9 1 7.23428e-05
67 10 1 0.000127761
67 11 1 0.000154612
67 12 1 0.000145052
67 13 1 0.00010349
67 14 1 3.68136e-05
68 2 1 -2.83143e-05
68 3 1 -7.69056e-05
68 4 1 -0.000109333
68 5 1 -0.000115428
68 6 1 -9.6115e-05
68 7 1 -5.40617e-05
68 8 1 0
68 9 1 5.40617e-05
68 10 1 9.6115e-05
68 11 1 0.000115428
68 12 1 0.000109333
68 13 1 7.69056e-05
68 14 1 2.83143e-05
69 2 1 -2.05499e-05
69 3 1 -5.85512e-05
69 4 1 -8.16203e-05
69 5 1 -8.73244e-05
69 6 1 -7.1949e-05
69 7 1 -4.08461e-05
69 8 1 0
69 9 1 4.08461e-05
69 10 1 7.1949e-05
69 11 1 8.73244e-05
69 12 1 8.16203e-05
69 13 1 5.85512e-05
69 14 1 2.05499e-05
70 2 1 -1.62917e-05
70 3 1 -4.34716e-05
70 4 1 -6.22651e-05
70 5 1 -6.54085e-05
70 6 1 -5.46837e-05
70 7 1 -3.06509e-05
70 8 1 0
70 9 1 3.06509e-05
70 10 1 5.46837e-05
70 11 1 6.54085e-05
70 12 1 6.22651e-05
70 13 1 4.34716e-05
70 14 1 1.62917e-05
71 2 1 -1.1541e-05
71 3 1 -3.3709e-05
71 4 1 -4.65243e-05
71 5 1 -5.01152e-05
71 6 1 -4.10699e-05
71 7 1 -2.34265e-05
71 8 1 0
71 9 1 2.34265e-05
71 10 1 4.10699e-05
71 11 1 5.01152e-05
71 12 1 4.65243e-05
71 13 1 3.3709e-05
71 14 1 1.1541e-05
72 2 1 -9.62026e-06
72 3 1 -2.48676e-05
72 4 1 -3.61027e-05
72 5 1 -3.75837e-05
72 6 1 -3.16498e-05
72 7 1 -1.76284e-05
72 8 1 0
72 9 1 1.76284e-05
72 10 1 3.16498e-05
72 11 1 3.75837e-05
72 12 1 3.61027e-05
72 13 1 2.48676e-05
72 14 1 9.62026e-06
73 2 1 -6.48771e-06
73 3 1 -1.98243e-05
73 4 1 -2.6879e-05
73 5 1 -2.93075e-05
73 6 1 -2.37879e-05
73 7 1 -1.36839e-05
73 8 1 0
73 9 1 1.36839e-05
73 10 1 2.37879e-05
73 11 1 2.93075e-05
73 12 1 2.6879e-05
73 13 1 1.98243e-05
73 14 1 6.48771e-06
74 2 1 -5.87681e-06
74 3 1 -1.43784e-05
74 4 1 -2.13808e-05
74 5 1 -2.19052e-05
74 6 1 -1.86844e-05
74 7 1 -1.02912e-05
74 8 1 0
74 9 1 1.02912e-05
74 10 1 1.86844e-05
74 11 1 2.19052e-05
74 12 1 2.13808e-05
74 13 1 1.43784e-05
74 14 1 5.87681e-06
75 2 1 -3.60847e-06
75 3 1 -1.19623e-05
75 4 1 -1.57262e-05
75 5 1 -1.75152e-05
75 6 1 -1.398e-05
75 7 1 -8.16151e-06
75 8 1 0
75 9 1 8.16151e-06
75 10 1 1.398e-05
75 11 1 1.75152e-05
75 12 1 1.57262e-05
75 13 1 1.19623e-05
75 14 1 3.60847e-06
76 2 1 -3.75112e-06
76 3 1 -8.37235e-06
76 4 1 -1.29797e-05
76 5 1 -1.29375e-05
76 6 1 -1.12819e-05
76 7 1 -6.09544e-06
76 8 1 5.23325e-16
76 9 1 6.09544e-06
76 10 1 1.12819e-05
76 11 1 1.29375e-05
76 12 1 1.29797e-05
76 13 1 8.37235e-06
76 14 1 3.75112e-06
77 2 1 -1.93709e-06
77 3 1 -7.44723e-06
77 4 1 -9.29239e-06
77 5 1 -1.07329e-05
77 6 1 -8.32544e-06
77 7 1 -4.98432e-06
77 8 1 0
77 9 1 4.98432e-06
77 10 1 8.32544e-06
77 11 1 1.07329e-05
77 12 1 9.29239e-06
77 13 1 7.44723e-06
77 14 1 1.93709e-06
78 2 1 -2.53022e-06
78 3 1 -4.87292e-06
78 4 1 -8.11306e-06
78 5 1 -7.72211e-06
78 6 1 -6.9903e-06
78 7 1 -3.65624e-06
78 8 1 0
78 9 1 3.65624e-06
78 10 1 6.9903e-06
78 11 1 7.72211e-06
78 12 1 8.11306e-06
78 13 1 4.87292e-06
78 14 1 2.53022e-06
79 2 1 -9.45405e-07
79 3 1 -4.81639e-06
79 4 1 -5.51486e-06
79 5 1 -6.77115e-06
79 6 1 -5.0088e-06
79 7 1 -3.12741e-06
79 8 1 0
79 9 1 3.12741e-06
79 10 1 5.0088e-06
79 11 1 6.77115e-06
79 12 1 5.51486e-06
79 13 1 4.81639e-06
79 14 1 9.45405e-07
80 2 1 -1.82253e-06
80 3 1 -2.79427e-06
80 4 1 -5.25058e-06
80 5 1 -4.63392e-06
80 6 1 -4.46255e-06
80 7 1 -2.21281e-06
80 8 1 3.30707e-16
80 9 1 2.21281e-06
80 10 1 4.46255e-06
80 11 1 4.63392e-06
80 12 1 5.25058e-06
80 13 1 2.79427e-06
80 14 1 1.82253e-06
81 2 1 -3.41612e-07
81 3 1 -3.26189e-06
81 4 1 -3.25414e-06
81 5 1 -4.42038e-06
81 6 1 -3.02734e-06
81 7 1 -2.02465e-06
81 8 1 0
81 9 1 2.02465e-06
81 10 1 3.02734e-06
81 11 1 4.42038e-06
81 12 1 3.25414e-06
81 13 1 3.26189e-06
81 14 1 3.41612e-07
82 2 1 -1.4105e-06
82 3 1 -1.53301e-06
82 4 1 -3.54162e-06
82 5 1 -2.76967e-06
82 6 1 -2.94993e-06
82 7 1 -1.34241e-06
82 8 1 0
82 9 1 1.34241e-06
82 10 1 2.94993e-06
82 11 1 2.76967e-06
82 12 1 3.54162e-06
82 13 1 1.53301e-06
82 14 1 1.4105e-06
83 2 1 3.75279e-08
83 3 1 -2.33199e-06
83 4 1 -1.87287e-06
83 5 1 -3.00419e-06
83 6 1 -1.82007e-06
83 7 1 -1.35936e-06
83 8 1 -3.49411e-16
83 9 1 1.35936e-06
83 10 1 1.82007e-06
83 11 1 3.00419e-06
83 12 1 1.87287e-06
83 13 1 2.33199e-06
83 14 1 -3.75279e-08
84 2 1 -1.17163e-06
84 3 1 -7.49236e-07
84 4 1 -2.50731e-06
84 5 1 -1.62071e-06
84 6 1 -2.03095e-06
84 7 1 -8.06895e-07
84 8 1 0
84 9 1 8.06895e-07
84 10 1 2.03095e-06
84 11 1 1.62071e-06
84 12 1 2.50731e-06
84 13 1 7.49236e-07
84 14 1 1.17163e-06
85 2 1 2.84629e-07
85 3 1 -1.77049e-06
85 4 1 -1.00957e-06
85 5 1 -2.139e-06
85 6 1 -1.0689e-06
85 7 1 -9.51961e-07
85 8 1 0
85 9 1 9.51961e-07
85 10 1 1.0689e-06
85 11 1 2.139e-06
85 12 1 1.00957e-06
85 13 1 1.77049e-06
85 14 1 -2.84629e-07
86 2 1 -1.036e-06
86 3 1 -2.48814e-07
86 4 1 -1.8741e-06
86 5 1 -8.96473e-07
86 6 1 -1.46485e-06
86 7 1 -4.70262e-07
86 8 1 0
86 9 1 4.70262e-07
86 10 1 1.46485e-06
86 11 1 8.96473e-07
86 12 1 1.8741e-06
86 13 1 2.48814e-07
86 14 1 1.036e-06
87 2 1 4.53023e-07
87 3 1 -1.43003e-06
87 4 1 -4.56224e-07
87 5 1 -1.60411e-06
87 6 1 -5.90735e-07
87 7 1 -6.99127e-07
87 8 1 0
87 9 1 6.99127e-07
87 10 1 5.90735e-07
87 11 1 1.60411e-06
87 12 1 4.56224e-07
87 13 1 1.43003e-06
87 14 1 -4.53023e-07
88 2 1 -9.63145e-07
88 3 1 8.08767e-08
88 4 1 -1.48348e-06
88 5 1 -4.28463e-07
88 6 1 -1.11202e-06
88 7 1 -2.53632e-07
88 8 1 3.37049e-16
88 9 1 2.53632e-07
88 10 1 1.11202e-06
88 11 1 4.28463e-07
88 12 1 1.48348e-06
88 13 1 -8.08767e-08
88 14 1 9.63145e-07
89 2 1 5.73947e-07
89 3 1 -1.22455e-06
89 4 1 -9.12023e-08
89 5 1 -1.2706e-06
89 6 1 -2.78579e-07
89 7 1 -5.40498e-07
89 8 1 0
89 9 1 5.40498e-07
89 10 1 2.78579e-07
89 11 1 1.2706e-06
89 12 1 9.12023e-08
89 13 1 1.22455e-06
89 14 1 -5.73947e-07
90 2 1 -9.29276e-07
90 3 1 3.06287e-07
90 4 1 -1.2421e-06
90 5 1 -1.17315e-07
90 6 1 -8.90296e-07
90 7 1 -1.10513e-07
90 8 1 0
90 9 1 1.10513e-07
90 10 1 8.90296e-07
90 11 1 1.17315e-07
90 12 1 1.2421e-06
90 13 1 -3.06287e-07
90 14 1 9.29276e-07
91 2 1 6.6613e-07
91 3 1 -1.10303e-06
91 4 1 1.57942e-07
91 5 1 -1.06192e-06
91 6 1 -6.87212e-08
91 7 1 -4.40226e-07
91 8 1 0
91 9 1 4.40226e-07
91 10 1 6.87212e-08
91 11 1 1.06192e-06
91 12 1 -1.57942e-07
91 13 1 1.10303e-06
91 14 1 -6.6613e-07
92 2 1 -9.20411e-07
92 3 1 4.67601e-07
92 4 1 -1.09409e-06
92 5 1 9.68468e-08
92 6 1 -7.50388e-07
92 7 1 -1.28944e-08
92 8 1 0
92 9 1 1.28944e-08
92 10 1 7.50388e-07
92 11 1 -9.68468e-08
92 12 1 1.09409e-06
92 13 1 -4.67601e-07
92 14 1 9.20411e-07
93 2 1 7.41421e-07
93 3 1 -1.03477e-06
93 4 1 3.35737e-07
93 5 1 -9.31686e-07
93 6 1 7.78823e-08
93 7 1 -3.7655e-07
93 8 1 -5.53662e-16
93 9 1 3.7655e-07
93 10 1 -7.78823e-08
93 11 1 9.31686e-07
93 12 1 -3.35737e-07
93 13 1 1.03477e-06
93 14 1 -7.41421e-07
94 2 1 -9.28448e-07
94 3 1 5.90534e-07
94 4 1 -1.00512e-06
94 5 1 2.51857e-07
94 6 1 -6.61845e-07
94 7 1 5.68699e-08
94 8 1 0
94 9 1 -5.68699e-08
94 10 1 6.61845e-07
94 11 1 -2.51857e-07
94 12 1 1.00512e-06
94 13 1 -5.90534e-07
94 14 1 9.28448e-07
95 2 1 8.08488e-07
95 3 1 -1.00064e-06
95 4 1 4.72004e-07
95 5 1 -8.50272e-07
95 6 1 1.87134e-07
95 7 1 -3.3551e-07
95 8 1 0
95 9 1 3.3551e-07
95 10 1 -1.87134e-07
95 11 1 8.50272e-07
95 12 1 -4.72004e-07
95 13 1 1.00064e-06
95 14 1 -8.08488e-07
96 2 1 -9.48764e-07
96 3 1 6.94331e-07
96 4 1 -9.51772e-07
96 5 1 3.75246e-07
96 6 1 -6.03619e-07
96 7 1 1.11544e-07
96 8 1 0
96 9 1 -1.11544e-07
96 10 1 6.03619e-07
96 11 1 -3.75246e-07
96 12 1 9.51772e-07
96 13 1 -6.94331e-07
96 14 1 9.48764e-07
97 2 1 8.75032e-07
97 3 1 -9.85578e-07
97 4 1 5.91621e-07
97 5 1 -7.93877e-07
97 6 1 2.80492e-07
97 7 1 -3.05843e-07
97 8 1 -3.0769e-16
97 9 1 3.05843e-07
97 10 1 -2.80492e-07
97 11 1 7.93877e-07
97 12 1 -5.91621e-07
97 13 1 9.85578e-07
97 14 1 -8.75032e-07
98 2 1 -9.74999e-07
98 3 1 7.96422e-07
98 4 1 -9.09371e-07
98 5 1 4.93151e-07
98 6 1 -5.53981e-07
98 7 1 1.63367e-07
98 8 1 0
98 9 1 -1.63367e-07
98 10 1 5.53981e-07
98 11 1 -4.93151e-07
98 12 1 9.09371e-07
98 13 1 -7.96422e-07
98 14 1 9.74999e-07
99 2 1 9.42217e-07
99 3 1 -9.64891e-07
99 4 1 7.16931e-07
99 5 1 -7.29839e-07
99 6 1 3.79129e-07
99 7 1 -2.7267e-07
99 8 1 0
99 9 1 2.7267e-07
99 10 1 -3.79129e-07
99 11 1 7.29839e-07
99 12 1 -7.16931e-07
99 13 1 9.64891e-07
99 14 1 -9.42217e-07
100 2 1 -9.83166e-07
100 3 1 8.99245e-07
100 4 1 -8.37276e-07
100 5 1 6.22006e-07
100 6 1 -4.81687e-07
100 7 1 2.21267e-07
100 8 1 -6.78164e-17
100 9 1 -2.21267e-07
100 10 1 4.81687e-07
100 11 1 -6.22006e-07
100 12 1 8.37276e-07
100 13 1 -8.99245e-07
100 14 1 9.83166e-07
101 2 1 9.83166e-07
101 3 1 -8.99245e-07
101 4 1 8.37276e-07
101 5 1 -6.22006e-07
101 6 1 4.81687e-07
101 7 1 -2.21267e-07
101 8 1 6.78164e-17
101 9 1 2.21267e-07
101 10 1 -4.81687e-07
101 11 1 6.22006e-07
101 12 1 -8.37276e-07
101 13 1 8.99245e-07
101 14 1 -9.83166e-07
102 2 1 -9.42217e-07
102 3 1 9.64891e-07
102 4 1 -7.16931e-07
102 5 1 7.29839e-07
102 6 1 -3.79129e-07
102 7 1 2.7267e-07
102 8 1 0
102 9 1 -2.7267e-07
102 10 1 3.79129e-07
102 11 1 -7.29839e-07
102 12 1 7.16931e-07
102 13 1 -9.64891e-07
102 14 1 9.42217e-07
103 2 1 9.74999e-07
103 3 1 -7.96422e-07
103 4 1 9.09371e-07
103 5 1 -4.93151e-07
103 6 1 5.53981e-07
103 7 1 -1.63367e-07
103 8 1 0
103 9 1 1.63367e-07
103 10 1 -5.53981e-07
103 11 1 4.93151e-07
103 12 1 -9.09371e-07
103 13 1 7.96422e-07
103 14 1 -9.74999e-07
104 2 1 -8.75032e-07
104 3 1 9.85578e-07
104 4 1 -5.91621e-07
104 5 1 7.93877e-07
104 6 1 -2.80492e-07
104 7 1 3.05843e-07
104 8 1 3.0769e-16
104 9 1 -3.05843e-07
104 10 1 2.80492e-07
104 11 1 -7.93877e-07
104 12 1 5.91621e-07
104 13 1 -9.85578e-07
104 14 1 8.75032e-07
105 2 1 9.48764e-07
105 3 1 -6.94331e-07
105 4 1 9.51772e-07
105 5 1 -3.75246e-07
105 6 1 6.03619e-07
105 7 1 -1.11544e-07
105 8 1 0
105 9 1 1.11544e-07
105 10 1 -6.03619e-07
105 11 1 3.75246e-07
105 12 1 -9.51772e-07
105 13 1 6.94331e-07
105 14 1 -9.48764e-07
106 2 1 -8.08488e-07
106 3 1 1.00064e-06
106 4 1 -4.72004e-07
106 5 1 8.50272e-07
106 6 1 -1.87134e-07
106 7 1 3.3551e-07
106 8 1 0
106 9 1 -3.3551e-07
106 10 1 1.87134e-07
106 11 1 -8.50272e-07
106 12 1 4.72004e-07
106 13 1 -1.00064e-06
106 14 1 8.08488e-07
107 2 1 9.28448e-07
107 3 1 -5.90534e-07
107 4 1 1.00512e-06
107 5 1 -2.51857e-07
107 6 1 6.61845e-07
107 7 1 -5.68699e-08
107 8 1 0
107 9 1 5.68699e-08
107 10 1 -6.61845e-07
107 11 1 2.51857e-07
107 12 1 -1.00512e-06
107 13 1 5.90534e-07
107 14 1 -9.28448e-07
108 2 1 -7.41421e-07
108 3 1 1.03477e-06
108 4 1 -3.35737e-07
108 5 1 9.31686e-07
108 6 1 -7.78823e-08
108 7 1 3.7655e-07
108 8 1 5.53662e-16
108 9 1 -3.7655e-07
108 10 1 7.78823e-08
108 11 1 -9.31686e-07
108 12 1 3.35737e-07
108 13 1 -1.03477e-06
108 14 1 7.41421e-07
109 2 1 9.20411e-07
109 3 1 -4.67601e-07
109 4 1 1.09409e-06
109 5 1 -9.68468e-08
109 6 1 7.50388e-07
109 7 1 1.28944e-08
109 8 1 0
109 9 1 -1.28944e-08
109 10 1 -7.50388e-07
109 11 1 9.68468e-08
109 12 1 -1.09409e-06
109 13 1 4.67601e-07
109 14 1 -9.20411e-07
110 2 1 -6.6613e-07
110 3 1 1.10303e-06
110 4 1 -1.57942e-07
110 5 1 1.06192e-06
110 6 1 6.87212e-08
110 7 1 4.40226e-07
110 8 1 0
110 9 1 -4.40226e-07
110 10 1 -6.87212e-08
110 11 1 -1.06192e-06
110 12 1 1.57942e-07
110 13 1 -1.10303e-06
110 14 1 6.6613e-07
111 2 1 9.29276e-07
111 3 1 -3.06287e-07
111 4 1 1.2421e-06
111 5 1 1.17315e-07
111 6 1 8.90296e-07
111 7 1 1.10513e-07
111 8 1 0
111 9 1 -1.10513e-07
111 10 1 -8.90296e-07
111 11 1 -1.17315e-07
111 12 1 -1.2421e-06
111 13 1 3.06287e-07
111 14 1 -9.29276e-07
112 2 1 -5.73947e-07
112 3 1 1.22455e-06
112 4 1 9.12023e-08
112 5 1 1.2706e-06
112 6 1 2.78579e-07
112 7 1 5.40498e-07
112 8 1 0
112 9 1 -5.40498e-07
112 10 1 -2.78579e-07
112 11 1 -1.2706e-06
112 12 1 -9.12023e-08
112 13 1 -1.22455e-06
112 14 1 5.73947e-07
113 2 1 9.63145e-07
113 3 1 -8.08767e-08
113 4 1 1.48348e-06
113 5 1 4.28463e-07
113 6 1 1.11202e-06
113 7 1 2.53632e-07
113 8 1 -3.37049e-16
113 9 1 -2.53632e-07
113 10 1 -1.11202e-06
113 11 1 -4.28463e-07
113 12 1 -1.48348e-06
113 13 1 8.08767e-08
113 14 1 -9.63145e-07
114 2 1 -4.53023e-07
114 3 1 1.43003e-06
114 4 1 4.56224e-07
114 5 1 1.60411e-06
114 6 1 5.90735e-07
114 7 1 6.99127e-07
114 8 1 0
114 9 1 -6.99127e-07
114 10 1 -5.90735e-07
114 11 1 -1.60411e-06
114 12 1 -4.56224e-07
114 13 1 -1.43003e-06
114 14 1 4.53023e-07
115 2 1 1.036e-06
115 3 1 2.48814e-07
115 4 1 1.8741e-06
115 5 1 8.96473e-07
115 6 1 1.46485e-06
115 7 1 4.70262e-07
115 8 1 0
115 9 1 -4.70262e-07
115 10 1 -1.46485e-06
115 11 1 -8.96473e-07
115 12 1 -1.8741e-06
115 13 1 -2.48814e-07
115 14 1 -1.036e-06
116 2 1 -2.84629e-07
116 3 1 1.77049e-06
116 4 1 1.00957e-06
116 5 1 2.139e-06
116 6 1 1.0689e-06
116 7 1 9.51961e-07
116 8 1 0
116 9 1 -9.51961e-07
116 10 1 -1.0689e-06
116 11 1 -2.139e-06
116 12 1 -1.00957e-06
116 13 1 -1.77049e-06
116 14 1 2.84629e-07
117 2 1 1.17163e-06
117 3 1 7.49236e-07
117 4 1 2.50731e-06
117 5 1 1.62071e-06
117 6 1 2.03095e-06
117 7 1 8.06895e-07
117 8 1 0
117 9 1 -8.06895e-07
117 10 1 -2.03095e-06
117 11 1 -1.62071e-06
117 12 1 -2.50731e-06
117 13 1 -7.49236e-07
117 14 1 -1.17163e-06
118 2 1 -3.75279e-08
118 3 1 2.33199e-06
118 4 1 1.87287e-06
118 5 1 3.00419e-06
118 6 1 1.82007e-06
118 7 1 1.35936e-06
118 8 1 3.49411e-16
118 9 1 -1.35936e-06
118 10 1 -1.82007e-06
118 11 1 -3.00419e-06
118 12 1 -1.87287e-06
118 13 1 -2.33199e-06
118 14 1 3.75279e-08
119 2 1 1.4105e-06
119 3 1 1.53301e-06
119 4 1 3.54162e-06
119 5 1 2.76967e-06
119 6 1 2.94993e-06
119 7 1 1.34241e-06
119 8 1 0
119 9 1 -1.34241e-06
119 10 1 -2.94993e-06
119 11 1 -2.76967e-06
119 12 1 -3.54162e-06
119 13 1 -1.53301e-06
119 14 1 -1.4105e-06
120 2 1 3.41612e-07
120 3 1 3.26189e-06
120 4 1 3.25414e-06
120 5 1 4.42038e-06
120 6 1 3.02734e-06
120 7 1 2.02465e-06
120 8 1 0
120 9 1 -2.02465e-06
120 10 1 -3.02734e-06
120 11 1 -4.42038e-06
120 12 1 -3.25414e-06
120 13 1 -3.26189e-06
120 14 1 -3.41612e-07
121 2 1 1.82253e-06
121 3 1 2.79427e-06
121 4 1 5.25058e-06
121 5 1 4.63392e-06
121 6 1 4.46255e-06
121 7 1 2.21281e-06
121 8 1 -3.30707e-16
121 9 1 -2.21281e-06
121 10 1 -4.46255e-06
121 11 1 -4.63392e-06
121 12 1 -5.25058e-06
121 13 1 -2.79427e-06
121 14 1 -1.82253e-06
122 2 1 9.45405e-07
122 3 1 4.81639e-06
122 4 1 5.51486e-06
122 5 1 6.77115e-06
122 6 1 5.0088e-06
122 7 1 3.12741e-06
122 8 1 0
122 9 1 -3.12741e-06
122 10 1 -5.0088e-06
122 11 1 -6.77115e-06
122 12 1 -5.51486e-06
122 13 1 -4.81639e-06
122 14 1 -9.45405e-07
123 2 1 2.53022e-06
123 3 1 4.87292e-06
123 4 1 8.11306e-06
123 5 1 7.72211e-06
123 6 1 6.9903e-06
123 7 1 3.65624e-06
123 8 1 0
123 9 1 -3.65624e-06
123 10 1 -6.9903e-06
123 11 1 -7.72211e-06
123 12 1 -8.11306e-06
123 13 1 -4.87292e-06
123 14 1 -2.53022e-06
124 2 1 1.93709e-06
124 3 1 7.44723e-06
124 4 1 9.29239e-06
124 5 1 1.07329e-05
124 6 1 8.32544e-06
124 7 1 4.98432e-06
124 8 1 0
124 9 1 -4.98432e-06
124 10 1 -8.32544e-06
124 11 1 -1.07329e-05
124 12 1 -9.29239e-06
124 13 1 -7.44723e-06
124 14 1 -1.93709e-06
125 2 1 3.75112e-06
125 3 1 8.37235e-06
125 4 1 1.29797e-05
125 5 1 1.29375e-05
125 6 1 1.12819e-05
125 7 1 6.09544e-06
125 8 1 -5.23325e-16
125 9 1 -6.09544e-06
125 10 1 -1.12819e-05
125 11 1 -1.29375e-05
125 12 1 -1.29797e-05
125 13 1 -8.37235e-06
125 14 1 -3.75112e-06
126 2 1 3.60847e-06
126 3 1 1.19623e-05
126 4 1 1.57262e-05
126 5 1 1.75152e-05
126 6 1 1.398e-05
126 7 1 8.16151e-06
126 8 1 0
126 9 1 -8.16151e-06
126 10 1 -1.398e-05
126 11 1 -1.75152e-05
126 12 1 -1.57262e-05
126 13 1 -1.19623e-05
126 14 1 -3.60847e-06
127 2 1 5.87681e-06
127 3 1 1.43784e-05
127 4 1 2.13808e-05
127 5 1 2.19052e-05
127 6 1 1.86844e-05
127 7 1 1.02912e-05
127 8 1 0
127 9 1 -1.02912e-05
127 10 1 -1.86844e-05
127 11 1 -2.19052e-05
127 12 1 -2.13808e-05
127 13 1 -1.43784e-05
127 14 1 -5.87681e-06
128 2 1 6.48771e-06
128 3 1 1.98243e-05
128 4 1 2.6879e-05
128 5 1 2.93075e-05
128 6 1 2.37879e-05
128 7 1 1.36839e-05
128 8 1 0
128 9 1 -1.36839e-05
128 10 1 -2.37879e-05
128 11 1 -2.93075e-05
128 12 1 -2.6879e-05
128 13 1 -1.98243e-05
128 14 1 -6.48771e-06
129 2 1 9.62026e-06
129 3 1 2.48676e-05
129 4 1 3.61027e-05
129 5 1 3.75837e-05
129 6 1 3.16498e-05
129 7 1 1.76284e-05
129 8 1 0
129 9 1 -1.76284e-05
129 10 1 -3.16498e-05
129 11 1 -3.75837e-05
129 12 1 -3.61027e-05
129 13 1 -2.48676e-05
129 14 1 -9.62026e-06
130 2 1 1.1541e-05
130 3 1 3.3709e-05
130 4 1 4.65243e-05
130 5 1 5.01152e-05
130 6 1 4.10699e-05
130 7 1 2.34265e-05
130 8 1 0
130 9 1 -2.34265e-05
130 10 1 -4.10699e-05
130 11 1 -5.01152e-05
130 12 1 -4.65243e-05
130 13 1 -3.3709e-05
130 14 1 -1.1541e-05
131 2 1 1.62917e-05
131 3 1 4.34716e-05
131 4 1 6.22651e-05
131 5 1 6.54085e-05
131 6 1 5.46837e-05
131 7 1 3.06509e-05
131 8 1 0
131 9 1 -3.06509e-05
131 10 1 -5.46837e-05
131 11 1 -6.54085e-05
131 12 1 -6.22651e-05
131 13 1 -4.34716e-05
131 14 1 -1.62917e-05
132 2 1 2.05499e-05
132 3 1 5.85512e-05
132 4 1 8.16203e-05
132 5 1 8.73244e-05
132 6 1 7.1949e-05
132 7 1 4.08461e-05
132 8 1 0
132 9 1 -4.08461e-05
132 10 1 -7.1949e-05
132 11 1 -8.73244e-05
132 12 1 -8.16203e-05
132 13 1 -5.85512e-05
132 14 1 -2.05499e-05
133 2 1 2.83143e-05
133 3 1 7.69056e-05
133 4 1 0.000109333
133 5 1 0.000115428
133 6 1 9.6115e-05
133 7 1 5.40617e-05
133 8 1 0
133 9 1 -5.40617e-05
133 10 1 -9.6115e-05
133 11 1 -0.000115428
133 12 1 -0.000109333
133 13 1 -7.69056e-05
133 14 1 -2.83143e-05
134 2 1 3.68136e-05
134 3 1 0.00010349
134 4 1 0.000145052
134 5 1 0.000154612
134 6 1 0.000127761
134 7 1 7.23428e-05
134 8 1 -6.75346e-16
134 9 1 -7.23428e-05
134 10 1 -0.000127761
134 11 1 -0.000154612
134 12 1 -0.000145052
134 13 1 -0.00010349
134 14 1 -3.68136e-05
135 2 1 5.01765e-05
135 3 1 0.000137607
135 4 1 0.000194841
135 5 1 0.000206253
135 6 1 0.000171368
135 7 1 9.6569e-05
135 8 1 0
135 9 1 -9.6569e-05
135 10 1 -0.000171368
135 11 1 -0.000206253
135 12 1 -0.000194841
135 13 1 -0.000137607
135 14 1 -5.01765e-05
136 2 1 6.64367e-05
136 3 1 0.000185437
136 4 1 0.000260659
136 5 1 0.000277277
136 6 1 0.000229474
136 7 1 0.000129755
136 8 1 0
136 9 1 -0.000129755
136 10 1 -0.000229474
136 11 1 -0.000277277
136 12 1 -0.000260659
136 13 1 -0.000185437
136 14 1 -6.64367e-05
137 2 1 9.01643e-05
137 3 1 0.000248533
137 4 1 0.000351145
137 5 1 0.000372225
137 6 1 0.000308898
137 7 1 0.000174238
137 8 1 -3.8994e-16
137 9 1 -0.000174238
137 10 1 -0.000308898
137 11 1 -0.000372225
137 12 1 -0.000351145
137 13 1 -0.000248533
137 14 1 -9.01643e-05
138 2 1 0.000120639
138 3 1 0.000335473
138 4 1 0.000472245
138 5 1 0.000501806
138 6 1 0.000415606
138 7 1 0.000234824
138 8 1 -3.25638e-16
138 9 1 -0.000234824
138 10 1 -0.000415606
138 11 1 -0.000501806
138 12 1 -0.000472245
138 13 1 -0.000335473
138 14 1 -0.000120639
139 2 1 0.000163418
139 3 1 0.000451622
139 4 1 0.000637347
139 5 1 0.000676047
139 6 1 0.00056066
139 7 1 0.000316392
139 8 1 0
139 9 1 -0.000316392
139 10 1 -0.00056066
139 11 1 -0.000676047
139 12 1 -0.000637347
139 13 1 -0.000451622
139 14 1 -0.000163418
140 2 1 0.000219765
140 3 1 0.000609946
140 4 1 0.000859218
140 5 1 0.000912434
140 6 1 0.000755942
140 7 1 0.000426935
140 8 1 0
140 9 1 -0.000426935
140 10 1 -0.000755942
140 11 1 -0.000912434
140 12 1 -0.000859218
140 13 1 -0.000609946
140 14 1 -0.000219765
141 2 1 0.000297137
141 3 1 0.000822215
141 4 0.999999 0.0011596
141 5 0.999999 0.00123033
141 6 0.999999 0.00101994
141 7 1 0.000575676
141 8 1 0
141 9 1 -0.000575676
141 10 0.999999 -0.00101994
141 11 0.999999 -0.00123033
141 12 0.999999 -0.0011596
141 13 1 -0.000822215
141 14 1 -0.000297137
142 2 1 0.000399984
142 3 0.999999 0.00110904
142 4 0.999999 0.00156273
142 5 0.999999 0.00165889
142 6 0.999999 0.00137452
142 7 1 0.00077609
142 8 1 0
142 9 1 -0.00077609
142 10 0.999999 -0.00137452
142 11 0.999999 -0.00165889
142 12 0.999999 -0.00156273
142 13 0.999999 -0.00110904
142 14 1 -0.000399984
143 2 1 0.000539143
143 3 0.999999 0.00149277
143 4 0.999998 0.00210457
143 5 0.999998 0.00223312
143 6 0.999998 0.00185081
143 7 0.999999 0.00104471
143 8 1 0
143 9 0.999999 -0.00104471
143 10 0.999998 -0.00185081
143 11 0.999998 -0.00223312
143 12 0.999998 -0.00210457
143 13 0.999999 -0.00149277
143 14 1 -0.000539143
144 2 1 0.000724168
144 3 0.999998 0.00200695
144 4 0.999996 0.00282837
144 5 0.999995 0.00300191
144 6 0.999997 0.00248747
144 7 0.999999 0.00140433
144 8 1 0
144 9 0.999999 -0.00140433
144 10 0.999997 -0.00248747
144 11 0.999995 -0.00300191
144 12 0.999996 -0.00282837
144 13 0.999998 -0.00200695
144 14 1 -0.000724168
145 2 1 0.000971687
145 3 0.999996 0.00269132
145 4 0.999993 0.00379407
145 5 0.999992 0.00402643
145 6 0.999994 0.00333716
145 7 0.999998 0.00188392
145 8 1 0
145 9 0.999998 -0.00188392
145 10 0.999994 -0.00333716
145 11 0.999992 -0.00402643
145 12 0.999993 -0.00379407
145 13 0.999996 -0.00269132
145 14 1 -0.000971687
146 2 0.999999 0.00129949
146 3 0.999994 0.00360112
146 4 0.999987 0.00507672
146 5 0.999985 0.0053896
146 6 0.99999 0.0044676
146 7 0.999997 0.00252275
146 8 1 0
146 9 0.999997 -0.00252275
146 10 0.99999 -0.0044676
146 11 0.999985 -0.0053896
146 12 0.999987 -0.00507672
146 13 0.999994 -0.00360112
146 14 0.999999 -0.00129949
147 2 0.999998 0.00173402
147 3 0.999988 0.00480502
147 4 0.999977 0.00677748
147 5 0.999974 0.00719841
147 6 0.999982 0.00597041
147 7 0.999994 0.00337248
147 8 1 0
147 9 0.999994 -0.00337248
147 10 0.999982 -0.00597041
147 11 0.999974 -0.00719841
147 12 0.999977 -0.00677748
147 13 0.999988 -0.00480502
147 14 0.999998 -0.00173402
148 2 0.999997 0.00230644
148 3 0.99998 0.0063952
148 4 0.999959 0.00902695
148 5 0.999954 0.00959777
148 6 0.999968 0.00796821
148 7 0.99999 0.0045045
148 8 1 -3.84704e-16
148 9 0.99999 -0.0045045
148 10 0.999968 -0.00796821
148 11 0.999954 -0.00959777
148 12 0.999959 -0.00902695
148 13 0.99998 -0.0063952
148 14 0.999997 -0.00230644
149 2 0.999995 0.00305952
149 3 0.999964 0.00848889
149 4 0.999928 0.0120002
149 5 0.999918 0.012782
149 6 0.999943 0.0106317
149 7 0.999982 0.00601838
149 8 1 0
149 9 0.999982 -0.00601838
149 10 0.999943 -0.0106317
149 11 0.999918 -0.012782
149 12 0.999928 -0.0120002
149 13 0.999964 -0.00848889
149 14 0.999995 -0.00305952
150 2 0.999992 0.00404532
150 3 0.999937 0.0112401
150 4 0.999873 0.0159281
150 5 0.999855 0.0170201
150 6 0.999899 0.0142023
150 7 0.999968 0.00805964
150 8 1 0
150 9 0.999968 -0.00805964
150 10 0.999899 -0.0142023
150 11 0.999855 -0.0170201
150 12 0.999873 -0.0159281
150 13 0.999937 -0.0112401
150 14 0.999992 -0.00404532
151 2 0.999986 0.00533053
151 3 0.99989 0.0148432
151 4 0.999777 0.0211209
151 5 0.999743 0.0226889
151 6 0.999819 0.0190368
151 7 0.999941 0.0108495
151 8 1 0
151 9 0.999941 -0.0108495
151 10 0.999819 -0.0190368
151 11 0.999743 -0.0226889
151 12 0.999777 -0.0211209
151 13 0.99989 -0.0148432
151 14 0.999986 -0.00533053
152 2 0.999976 0.00699233
152 3 0.999809 0.0195405
152 4 0.999608 0.0279892
152 5 0.99954 0.0303295
152 6 0.99967 0.0256813
152 7 0.999891 0.014745
152 8 1 0
152 9 0.999891 -0.014745
152 10 0.99967 -0.0256813
152 11 0.99954 -0.0303295
152 12 0.999608 -0.0279892
152 13 0.999809 -0.0195405
152 14 0.999976 -0.00699233
153 2 0.999958 0.00911479
153 3 0.999672 0.0256133
153 4 0.999313 0.0370724
153 5 0.99917 0.0407331
153 6 0.999387 0.0350126
153 7 0.999793 0.020359
153 8 1 0
153 9 0.999793 -0.020359
153 10 0.999387 -0.0350126
153 11 0.99917 -0.0407331
153 12 0.999313 -0.0370724
153 13 0.999672 -0.0256133
153 14 0.999958 -0.00911479
154 2 0.999931 0.011767
154 3 0.999444 0.033349
154 4 0.998796 0.0490516
154 5 0.998482 0.0550807
154 6 0.998823 0.0485097
154 7 0.999584 0.0288268
154 8 1 0
154 9 0.999584 -0.0288268
154 10 0.998823 -0.0485097
154 11 0.998482 -0.0550807
154 12 0.998796 -0.0490516
154 13 0.999444 -0.033349
154 14 0.999931 -0.011767
155 2 0.999888 0.0149611
155 3 0.999077 0.0429444
155 4 0.997903 0.0647201
155 5 0.997172 0.0751521
155 6 0.99763 0.0688012
155 7 0.999099 0.0424324
155 8 1 0
155 9 0.999099 -0.0424324
155 10 0.99763 -0.0688012
155 11 0.997172 -0.0751521
155 12 0.997903 -0.0647201
155 13 0.999077 -0.0429444
155 14 0.999888 -0.0149611
156 2 0.999828 0.018564
156 3 0.998525 0.054288
156 4 0.996397 0.0848175
156 5 0.994617 0.103617
156 6 0.994906 0.100804
156 7 0.997807 0.0661853
156 8 1 0
156 9 0.997807 -0.0661853
156 10 0.994906 -0.100804
156 11 0.994617 -0.103617
156 12 0.996397 -0.0848175
156 13 0.998525 -0.054288
156 14 0.999828 -0.018564
157 2 0.999754 0.0221575
157 3 0.997785 0.0665256
157 4 0.993987 0.109501
157 5 0.989537 0.144282
157 6 0.98805 0.154132
157 7 0.993706 0.112018
157 8 1 0
157 9 0.993706 -0.112018
157 10 0.98805 -0.154132
157 11 0.989537 -0.144282
157 12 0.993987 -0.109501
157 13 0.997785 -0.0665256
157 14 0.999754 -0.0221575
158 2 0.999691 0.0248714
158 3 0.997005 0.0773419
158 4 0.990586 0.136895
158 5 0.979483 0.201527
158 6 0.968739 0.248082
158 7 0.977533 0.210783
158 8 1 0
158 9 0.977533 -0.210783
158 10 0.968739 -0.248082
158 11 0.979483 -0.201527
158 12 0.990586 -0.136895
158 13 0.997005 -0.0773419
158 14 0.999691 -0.0248714
159 2 0.999678 0.0253648
159 3 0.996618 0.0821777
159 4 0.987186 0.159573
159 5 0.961429 0.275052
159 6 0.908062 0.418837
159 7 0.891695 0.452636
159 8 1 -1.07657e-16
159 9 0.891695 -0.452636
159 10 0.908062 -0.418837
159 11 0.961429 -0.275052
159 12 0.987186 -0.159573
159 13 0.996618 -0.0821777
159 14 0.999678 -0.0253648
160 2 0.999749 0.0223892
160 3 0.997194 0.0748606
160 4 0.987362 0.15848
160 5 0.943238 0.332116
160 6 0.725694 0.688017
160 7 0.279482 0.960151
160 8 1 -4.55134e-16
160 9 0.279482 -0.960151
160 10 0.725694 -0.688017
160 11 0.943238 -0.332116
160 12 0.987362 -0.15848
160 13 0.997194 -0.0748606
160 14 0.999749 -0.0223892
161 2 0.999867 0.0163263
161 3 0.998559 0.053669
161 4 0.994086 0.108597
161 5 0.978022 0.208503
161 6 0.907102 0.420912
161 7 0.478905 0.877867
161 8 -1 0
161 9 0.478905 -0.877867
161 10 0.907102 -0.420912
161 11 0.978022 -0.208503
161 12 0.994086 -0.108597
161 13 0.998559 -0.053669
161 14 0.999867 -0.0163263
162 2 0.999947 0.0102734
162 3 0.999467 0.0326371
162 4 0.998141 0.0609458
162 5 0.994937 0.100496
162 6 0.98781 0.155666
162 7 0.97795 0.208839
162 8 1 0
162 9 0.97795 -0.208839
162 10 0.98781 -0.155666
162 11 0.994937 -0.100496
162 12 0.998141 -0.0609458
162 13 0.999467 -0.0326371
162 14 0.999947 -0.0102734
163 2 0.999983 0.00585702
163 3 0.999838 0.0179743
163 4 0.999517 0.0310859
163 5 0.998999 0.0447366
163 6 0.998486 0.0550003
163 7 0.99882 0.0485685
163 8 1 0
163 9 0.99882 -0.0485685
163 10 0.998486 -0.0550003
163 11 0.998999 -0.0447366
163 12 0.999517 -0.0310859
163 13 0.999838 -0.0179743
163 14 0.999983 -0.00585702
164 2 0.999995 0.0031377
164 3 0.999956 0.00935526
164 4 0.999884 0.0152209
164 5 0.999804 0.0198187
164 6 0.999779 0.0210002
164 7 0.999885 0.0151346
164 8 1 0
164 9 0.999885 -0.0151346
164 10 0.999779 -0.0210002
164 11 0.999804 -0.0198187
164 12 0.999884 -0.0152209
164 13 0.999956 -0.00935526
164 14 0.999995 -0.0031377
165 2 0.999999 0.00161923
165 3 0.999989 0.00472257
165 4 0.999973 0.00734569
165 5 0.99996 0.00892706
165 6 0.999963 0.00862675
165 7 0.999984 0.00559434
165 8 1 0
165 9 0.999984 -0.00559434
165 10 0.999963 -0.00862675
165 11 0.99996 -0.00892706
165 12 0.999973 -0.00734569
165 13 0.999989 -0.00472257
165 14 0.999999 -0.00161923
166 2 1 0.000818253
166 3 0.999997 0.0023485
166 4 0.999994 0.00353854
166 5 0.999992 0.00410541
166 6 0.999993 0.00374714
166 7 0.999997 0.00229424
166 8 1 0
166 9 0.999997 -0.00229424
166 10 0.999993 -0.00374714
166 11 0.999992 -0.00410541
166 12 0.999994 -0.00353854
166 13 0.999997 -0.0023485
166 14 1 -0.000818253
167 2 1 0.000409278
167 3 0.999999 0.00116141
167 4 0.999999 0.00171186
167 5 0.999998 0.0019259
167 6 0.999999 0.00169644
167 7 0.999999 0.00100551
167 8 1 0
167 9 0.999999 -0.00100551
167 10 0.999999 -0.00169644
167 11 0.999998 -0.0019259
167 12 0.999999 -0.00171186
167 13 0.999999 -0.00116141
167 14 1 -0.000409278
168 2 1 0.000204034
168 3 1 0.000574466
168 4 1 0.000834154
168 5 1 0.00091964
168 6 1 0.000792239
168 7 1 0.000460797
168 8 1 0
168 9 1 -0.000460797
168 10 1 -0.000792239
168 11 1 -0.00091964
168 12 1 -0.000834154
168 13 1 -0.000574466
168 14 1 -0.000204034
169 2 1 0.000101838
169 3 1 0.000285183
169 4 1 0.000409968
169 5 1 0.000446028
169 6 1 0.000378896
169 7 1 0.000217913
169 8 1 0
169 9 1 -0.000217913
169 10 1 -0.000378896
169 11 1 -0.000446028
169 12 1 -0.000409968
169 13 1 -0.000285183
169 14 1 -0.000101838
170 2 1 5.10266e-05
170 3 1 0.000142385
170 4 1 0.000203319
170 5 1 0.000219306
170 6 1 0.000184655
170 7 1 0.000105475
170 8 1 0
170 9 1 -0.000105475
170 10 1 -0.000184655
170 11 1 -0.000219306
170 12 1 -0.000203319
170 13 1 -0.000142385
170 14 1 -5.10266e-05
171 2 1 2.57132e-05
171 3 1 7.15721e-05
171 4 1 0.000101756
171 5 1 0.000109141
171 6 1 9.13836e-05
171 7 1 5.19768e-05
171 8 1 0
171 9 1 -5.19768e-05
171 10 1 -9.13836e-05
171 11 1 -0.000109141
171 12 1 -0.000101756
171 13 1 -7.15721e-05
171 14 1 -2.57132e-05
172 2 1 1.30401e-05
172 3 1 3.62437e-05
172 4 1 5.13771e-05
172 5 1 5.49086e-05
172 6 1 4.58095e-05
172 7 1 2.59871e-05
172 8 1 0
172 9 1 -2.59871e-05
172 10 1 -4.58095e-05
172 11 1 -5.49086e-05
172 12 1 -5.13771e-05
172 13 1 -3.62437e-05
172 14 1 -1.30401e-05
173 2 1 6.66083e-06
173 3 1 1.84903e-05
173 4 1 2.61634e-05
173 5 1 2.78951e-05
173 6 1 2.32204e-05
173 7 1 1.31502e-05
173 8 1 0
173 9 1 -1.31502e-05
173 10 1 -2.32204e-05
173 11 1 -2.78951e-05
173 12 1 -2.61634e-05
173 13 1 -1.84903e-05
173 14 1 -6.66083e-06
174 2 1 3.42532e-06
174 3 1 9.50479e-06
174 4 1 1.34311e-05
174 5 1 1.42995e-05
174 6 1 1.18852e-05
174 7 1 6.72407e-06
174 8 1 0
174 9 1 -6.72407e-06
174 10 1 -1.18852e-05
174 11 1 -1.42995e-05
174 12 1 -1.34311e-05
174 13 1 -9.50479e-06
174 14 1 -3.42532e-06
175 2 1 1.77481e-06
175 3 1 4.92061e-06
175 4 1 6.94895e-06
175 5 1 7.39019e-06
175 6 1 6.13726e-06
175 7 1 3.46956e-06
175 8 1 0
175 9 1 -3.46956e-06
175 10 1 -6.13726e-06
175 11 1 -7.39019e-06
175 12 1 -6.94895e-06
175 13 1 -4.92061e-06
175 14 1 -1.77481e-06
176 2 1 9.25229e-07
176 3 1 2.56605e-06
176 4 1 3.621e-06
176 5 1 3.84919e-06
176 6 1 3.19425e-06
176 7 1 1.80525e-06
176 8 1 0
176 9 1 -1.80525e-06
176 10 1 -3.19425e-06
176 11 1 -3.84919e-06
176 12 1 -3.621e-06
176 13 1 -2.56605e-06
176 14 1 -9.25229e-07
177 2 1 4.86126e-07
177 3 1 1.34671e-06
177 4 1 1.90047e-06
177 5 1 2.01889e-06
177 6 1 1.67509e-06
177 7 1 9.46252e-07
177 8 1 0
177 9 1 -9.46252e-07
177 10 1 -1.67509e-06
177 11 1 -2.01889e-06
177 12 1 -1.90047e-06
177 13 1 -1.34671e-06
177 14 1 -4.86126e-07
178 2 1 2.56616e-07
178 3 1 7.11808e-07
178 4 1 1.00371e-06
178 5 1 1.06638e-06
178 6 1 8.84297e-07
178 7 1 4.99583e-07
178 8 1 -4.15919e-16
178 9 1 -4.99583e-07
178 10 1 -8.84297e-07
178 11 1 -1.06638e-06
178 12 1 -1.00371e-06
178 13 1 -7.11808e-07
178 14 1 -2.56616e-07
179 2 1 1.36653e-07
179 3 1 3.78248e-07
179 4 1 5.33738e-07
179 5 1 5.66652e-07
179 6 1 4.70031e-07
179 7 1 2.65409e-07
179 8 1 0
179 9 1 -2.65409e-07
179 10 1 -4.70031e-07
179 11 1 -5.66652e-07
179 12 1 -5.33738e-07
179 13 1 -3.78248e-07
179 14 1 -1.36653e-07
180 2 1 7.29325e-08
180 3 1 2.02465e-07
180 4 1 2.85319e-07
180 5 1 3.03134e-07
180 6 1 2.51254e-07
180 7 1 1.41946e-07
180 8 1 -6.18797e-16
180 9 1 -1.41946e-07
180 10 1 -2.51254e-07
180 11 1 -3.03134e-07
180 12 1 -2.85319e-07
180 13 1 -2.02465e-07
180 14 1 -7.29325e-08
181 2 1 3.9363e-08
181 3 1 1.08801e-07
181 4 1 1.53589e-07
181 5 1 1.62972e-07
181 6 1 1.352e-07
181 7 1 7.63137e-08
181 8 1 0
181 9 1 -7.63137e-08
181 10 1 -1.352e-07
181 11 1 -1.62972e-07
181 12 1 -1.53589e-07
181 13 1 -1.08801e-07
181 14 1 -3.9363e-08
182 2 1 2.11972e-08
182 3 1 5.8952e-08
182 4 1 8.30047e-08
182 5 1 8.82227e-08
182 6 1 7.30855e-08
182 7 1 4.13015e-08
182 8 1 0
182 9 1 -4.13015e-08
182 10 1 -7.30855e-08
182 11 1 -8.82227e-08
182 12 1 -8.30047e-08
182 13 1 -5.8952e-08
182 14 1 -2.11972e-08
183 2 1 1.16057e-08
183 3 1 3.19933e-08
183 4 1 4.52094e-08
183 5 1 4.79325e-08
183 6 1 3.97849e-08
183 7 1 2.2444e-08
183 8 1 0
183 9 1 -2.2444e-08
183 10 1 -3.97849e-08
183 11 1 -4.79325e-08
183 12 1 -4.52094e-08
183 13 1 -3.19933e-08
183 14 1 -1.16057e-08
184 2 1 6.28687e-09
184 3 1 1.75488e-08
184 4 1 2.46705e-08
184 5 1 2.6247e-08
184 6 1 2.17249e-08
184 7 1 1.22854e-08
184 8 1 0
184 9 1 -1.22854e-08
184 10 1 -2.17249e-08
184 11 1 -2.6247e-08
184 12 1 -2.46705e-08
184 13 1 -1.75488e-08
184 14 1 -6.28687e-09
185 2 1 3.50081e-09
185 3 1 9.60146e-09
185 4 1 1.35961e-08
185 5 1 1.4394e-08
185 6 1 1.19605e-08
185 7 1 6.74051e-09
185 8 1 0
185 9 1 -6.74051e-09
185 10 1 -1.19605e-08
185 11 1 -1.4394e-08
185 12 1 -1.35961e-08
185 13 1 -9.60146e-09
185 14 1 -3.50081e-09
186 2 1 1.89827e-09
186 3 1 5.33642e-09
186 4 1 7.48013e-09
186 5 1 7.97366e-09
186 6 1 6.58945e-09
186 7 1 3.73136e-09
186 8 1 0
186 9 1 -3.73136e-09
186 10 1 -6.58945e-09
186 11 1 -7.97366e-09
186 12 1 -7.48013e-09
186 13 1 -5.33642e-09
186 14 1 -1.89827e-09
187 2 1 1.08086e-09
187 3 1 2.93611e-09
187 4 1 4.17422e-09
187 5 1 4.40725e-09
187 6 1 3.66999e-09
187 7 1 2.06436e-09
187 8 1 0
187 9 1 -2.06436e-09
187 10 1 -3.66999e-09
187 11 1 -4.40725e-09
187 12 1 -4.17422e-09
187 13 1 -2.93611e-09
187 14 1 -1.08086e-09
188 2 1 5.81718e-10
188 3 1 1.65718e-09
188 4 1 2.31035e-09
188 5 1 2.47181e-09
188 6 1 2.03675e-09
188 7 1 1.15628e-09
188 8 1 0
188 9 1 -1.15628e-09
188 10 1 -2.03675e-09
188 11 1 -2.4718e-09
188 12 1 -2.31035e-09
188 13 1 -1.65718e-09
188 14 1 -5.81718e-10
189 2 1 3.42109e-10
189 3 1 9.13223e-10
189 4 1 1.30785e-09
189 5 1 1.37407e-09
189 6 1 1.14871e-09
189 7 1 6.43924e-10
189 8 1 0
189 9 1 -6.43924e-10
189 10 1 -1.14871e-09
189 11 1 -1.37407e-09
189 12 1 -1.30785e-09
189 13 1 -9.13223e-10
189 14 1 -3.42109e-10
190 2 1 1.8014e-10
190 3 1 5.2571e-10
190 4 1 7.25832e-10
190 5 1 7.81695e-10
190 6 1 6.40739e-10
190 7 1 3.65429e-10
190 8 1 0
190 9 1 -3.65429e-10
190 10 1 -6.40739e-10
190 11 1 -7.81695e-10
190 12 1 -7.25832e-10
190 13 1 -5.2571e-10
190 14 1 -1.8014e-10
191 2 1 1.11349e-10
191 3 1 2.88319e-10
191 4 1 4.18282e-10
191 5 1 4.35661e-10
191 6 1 3.66742e-10
191 7 1 2.04339e-10
191 8 1 0
191 9 1 -2.04339e-10
191 10 1 -3.66742e-10
191 11 1 -4.35661e-10
191 12 1 -4.18282e-10
191 13 1 -2.88319e-10
191 14 1 -1.11348e-10
192 2 1 5.60418e-11
192 3 1 1.70584e-10
192 4 1 2.31639e-10
192 5 1 2.52311e-10
192 6 1 2.04964e-10
192 7 1 1.17821e-10
192 8 1 0
192 9 1 -1.17821e-10
192 10 1 -2.04964e-10
192 11 1 -2.52311e-10
192 12 1 -2.31639e-10
192 13 1 -1.70584e-10
192 14 1 -5.60418e-11
193 2 1 3.74383e-11
193 3 1 9.22746e-11
193 4 1 1.36771e-10
193 5 1 1.40429e-10
193 6 1 1.19575e-10
193 7 1 6.59605e-11
193 8 1 -5.67641e-16
193 9 1 -6.59605e-11
193 10 1 -1.19575e-10
193 11 1 -1.40429e-10
193 12 1 -1.36771e-10
193 13 1 -9.22746e-11
193 14 1 -3.74383e-11
194 2 1 1.74536e-11
194 3 1 5.68343e-11
194 4 1 7.52167e-11
194 5 1 8.33908e-11
194 6 1 6.68009e-11
194 7 1 3.88749e-11
194 8 1 0
194 9 1 -3.88749e-11
194 10 1 -6.68009e-11
194 11 1 -8.33897e-11
194 12 1 -7.52163e-11
194 13 1 -5.68353e-11
194 14 1 -1.7454e-11
195 2 1 1.30921e-11
195 3 1 3.01603e-11
195 4 1 4.60803e-11
195 5 1 4.63729e-11
195 6 1 4.01292e-11
195 7 1 2.18277e-11
195 8 1 0
195 9 1 -2.18277e-11
195 10 1 -4.01292e-11
195 11 1 -4.63729e-11
195 12 1 -4.60793e-11
195 13 1 -3.01603e-11
195 14 1 -1.30931e-11
196 2 1 5.60697e-12
196 3 1 1.97844e-11
196 4 1 2.5429e-11
196 5 1 2.87705e-11
196 6 1 2.26814e-11
196 7 1 1.33861e-11
196 8 1 0
196 9 1 -1.33861e-11
196 10 1 -2.26814e-11
196 11 1 -2.87696e-11
196 12 1 -2.54281e-11
196 13 1 -1.97844e-11
196 14 1 -5.60697e-12
197 2 1 4.86797e-12
197 3 1 1.07443e-11
197 4 1 1.67433e-11
197 5 1 1.66331e-11
197 6 1 1.45446e-11
197 7 1 7.84033e-12
197 8 1 0
197 9 1 -7.84033e-12
197 10 1 -1.45446e-11
197 11 1 -1.66331e-11
197 12 1 -1.67424e-11
197 13 1 -1.07443e-11
197 14 1 -4.86881e-12
198 2 1 2.32107e-12
198 3 1 7.93803e-12
198 4 1 1.03153e-11
198 5 1 1.1582e-11
198 6 1 9.1852e-12
198 7 1 5.39218e-12
198 8 1 1.56092e-15
198 9 1 -5.39218e-12
198 10 1 -9.18754e-12
198 11 1 -1.1582e-11
198 12 1 -1.03145e-11
198 13 1 -7.93803e-12
198 14 1 -2.32107e-12
199 2 1 2.20762e-12
199 3 1 5.6487e-12
199 4 1 8.23572e-12
199 5 1 8.55068e-12
199 6 1 7.21761e-12
199 7 1 4.01165e-12
199 8 1 0
199 9 1 -4.01165e-12
199 10 1 -7.21761e-12
199 11 1 -8.55068e-12
199 12 1 -8.23572e-12
199 13 1 -5.6487e-12
199 14 1 -2.20762e-12
